Rk,Player,Pos,Age,Tm,G,GS,MP,FG,FGA,FG%,3P,3PA,3P%,2P,2PA,2P%,eFG%,FT,FTA,FT%,ORB,DRB,TRB,AST,STL,BLK,TOV,PF,PTS
1,Precious Achiuwa\achiupr01,PF,21,MIA,53,2,12.3,2.0,3.7,.551,0.0,0.0,,2.0,3.7,.551,.551,1.0,1.9,.515,1.3,2.2,3.5,0.5,0.3,0.5,0.7,1.6,5.1
2,Jaylen Adams\adamsja01,PG,24,MIL,7,0,2.6,0.1,1.1,.125,0.0,0.3,.000,0.1,0.9,.167,.125,0.0,0.0,,0.0,0.4,0.4,0.3,0.0,0.0,0.0,0.1,0.3
3,Steven Adams\adamsst01,C,27,NOP,52,52,28.0,3.3,5.4,.618,0.0,0.1,.000,3.3,5.3,.625,.618,1.1,2.4,.448,3.8,5.2,9.0,2.0,0.9,0.7,1.4,2.0,7.7
4,Bam Adebayo\adebaba01,C,23,MIA,50,50,33.5,7.2,12.7,.566,0.0,0.2,.250,7.1,12.5,.570,.568,4.6,5.7,.806,2.3,6.9,9.2,5.2,1.0,1.1,2.7,2.3,19.0
5,LaMarcus Aldridge\aldrila01,C,35,TOT,26,23,25.9,5.4,11.4,.473,1.2,3.1,.388,4.2,8.3,.505,.525,1.6,1.8,.872,0.7,3.8,4.5,1.9,0.4,1.1,1.0,1.8,13.5
5,LaMarcus Aldridge\aldrila01,C,35,SAS,21,18,25.9,5.5,11.8,.464,1.3,3.6,.360,4.2,8.2,.509,.518,1.5,1.8,.838,0.8,3.7,4.5,1.7,0.4,0.9,1.0,1.7,13.7
5,LaMarcus Aldridge\aldrila01,C,35,BRK,5,5,26.0,5.0,9.6,.521,0.8,1.0,.800,4.2,8.6,.488,.563,2.0,2.0,1.000,0.4,4.4,4.8,2.6,0.6,2.2,1.4,2.2,12.8
6,Ty-Shon Alexander\alexaty01,SG,22,PHO,8,0,2.9,0.1,1.0,.125,0.1,0.8,.167,0.0,0.3,.000,.188,0.1,0.3,.500,0.0,0.4,0.4,0.1,0.0,0.0,0.0,0.1,0.5
7,Nickeil Alexander-Walker\alexani01,SG,22,NOP,41,10,20.8,3.9,9.2,.418,1.6,4.6,.348,2.3,4.7,.487,.504,1.0,1.3,.750,0.2,2.8,3.1,2.0,1.0,0.5,1.4,1.9,10.2
8,Grayson Allen\allengr01,SG,25,MEM,41,29,25.0,3.5,8.3,.426,2.3,5.6,.404,1.3,2.7,.473,.563,1.5,1.8,.863,0.4,2.8,3.2,2.2,1.0,0.2,1.0,1.4,10.9
9,Jarrett Allen\allenja01,C,22,TOT,46,28,28.8,4.8,7.5,.636,0.1,0.3,.385,4.7,7.2,.646,.643,3.5,5.0,.711,3.0,7.0,10.0,1.7,0.5,1.6,1.5,1.6,13.2
9,Jarrett Allen\allenja01,C,22,BRK,12,5,26.7,3.7,5.4,.677,0.0,0.0,,3.7,5.4,.677,.677,3.8,5.1,.754,3.2,7.3,10.4,1.7,0.6,1.6,1.8,1.8,11.2
9,Jarrett Allen\allenja01,C,22,CLE,34,23,29.6,5.2,8.3,.626,0.1,0.4,.385,5.0,7.9,.638,.635,3.4,4.9,.695,2.9,6.9,9.8,1.7,0.4,1.6,1.4,1.6,13.9
10,Al-Farouq Aminu\aminual01,PF,30,TOT,19,14,20.2,1.9,4.8,.396,0.4,1.7,.219,1.5,3.1,.492,.434,0.8,1.0,.842,1.1,4.1,5.1,1.5,0.9,0.5,1.4,1.3,5.0
10,Al-Farouq Aminu\aminual01,PF,30,ORL,17,14,21.6,2.1,5.2,.404,0.4,1.8,.226,1.7,3.4,.500,.444,0.8,1.0,.824,1.2,4.2,5.4,1.7,1.0,0.5,1.5,1.3,5.5
10,Al-Farouq Aminu\aminual01,PF,30,CHI,2,0,8.5,0.0,1.0,.000,0.0,0.5,.000,0.0,0.5,.000,.000,1.0,1.0,1.000,0.0,3.0,3.0,0.0,0.0,0.0,1.0,1.0,1.0
11,Kyle Anderson\anderky01,PF,27,MEM,52,52,27.2,4.5,9.7,.462,1.3,3.9,.348,3.1,5.8,.538,.532,2.0,2.6,.776,0.8,5.2,5.9,3.6,1.3,0.8,1.3,1.7,12.3
12,Giannis Antetokounmpo\antetgi01,PF,26,MIL,46,46,33.8,10.3,18.3,.565,1.1,3.7,.304,9.2,14.6,.631,.596,6.7,9.8,.684,1.7,9.5,11.2,6.1,1.2,1.3,3.7,2.8,28.5
13,Kostas Antetokounmpo\antetko01,PF,23,LAL,13,0,3.7,0.2,0.6,.375,0.0,0.0,,0.2,0.6,.375,.375,0.4,0.8,.455,0.3,1.0,1.3,0.1,0.2,0.3,0.8,0.5,0.8
14,Thanasis Antetokounmpo\antetth01,SF,28,MIL,43,2,11.0,1.5,2.8,.525,0.2,0.6,.292,1.3,2.3,.582,.553,0.4,0.9,.462,1.1,1.4,2.5,0.9,0.4,0.2,0.9,1.4,3.6
15,Carmelo Anthony\anthoca01,PF,36,POR,54,3,25.1,4.8,11.5,.413,1.7,4.5,.380,3.0,7.0,.435,.488,2.1,2.4,.876,0.5,2.7,3.2,1.6,0.7,0.6,1.0,2.1,13.3
16,Cole Anthony\anthoco01,PG,20,ORL,31,18,26.3,4.2,10.9,.385,1.0,3.3,.311,3.2,7.6,.417,.432,1.8,2.2,.838,0.9,3.7,4.5,4.0,0.6,0.4,1.9,2.1,11.3
17,OG Anunoby\anunoog01,SF,23,TOR,37,37,33.0,5.4,11.4,.473,2.3,5.8,.393,3.1,5.6,.556,.572,1.8,2.3,.765,1.4,4.3,5.7,2.0,1.6,0.7,1.8,2.7,14.8
18,Ryan Arcidiacono\arcidry01,PG,26,CHI,32,0,10.9,1.1,2.8,.385,0.5,1.6,.308,0.6,1.2,.487,.473,0.4,0.5,.750,0.1,1.5,1.6,1.3,0.2,0.0,0.2,1.1,3.1
19,Trevor Ariza\arizatr01,SF,35,MIA,15,12,25.7,2.8,7.4,.378,1.5,4.0,.367,1.3,3.4,.392,.477,1.2,1.5,.783,0.6,3.3,3.9,1.7,0.7,0.7,0.6,1.6,8.3
20,D.J. Augustin\augusdj01,PG,33,TOT,51,6,19.2,2.2,5.6,.385,1.3,3.5,.374,0.8,2.1,.402,.502,1.4,1.5,.932,0.4,1.3,1.6,3.3,0.5,0.0,1.1,1.0,7.0
20,D.J. Augustin\augusdj01,PG,33,MIL,37,6,19.3,1.9,5.2,.370,1.3,3.5,.380,0.6,1.7,.349,.497,1.0,1.1,.900,0.3,1.1,1.4,3.0,0.5,0.0,0.9,0.9,6.1
20,D.J. Augustin\augusdj01,PG,33,HOU,14,0,19.1,2.8,6.7,.415,1.3,3.6,.360,1.5,3.1,.477,.511,2.4,2.4,.971,0.5,1.8,2.3,4.0,0.4,0.0,1.5,1.3,9.2
21,Deni Avdija\avdijde01,SF,20,WAS,51,29,23.4,2.4,5.8,.420,1.0,3.2,.323,1.4,2.6,.537,.508,0.5,0.8,.643,0.4,4.5,4.9,1.2,0.6,0.3,0.6,2.7,6.4
22,Deandre Ayton\aytonde01,C,22,PHO,55,55,30.5,6.6,10.5,.626,0.1,0.4,.200,6.5,10.1,.641,.629,2.0,2.7,.760,3.3,7.5,10.8,1.4,0.5,1.1,1.7,2.9,15.2
23,Udoka Azubuike\azubuud01,C,21,UTA,12,0,4.1,0.3,0.6,.571,0.0,0.0,,0.3,0.6,.571,.571,0.3,0.5,.667,0.3,0.8,1.1,0.0,0.1,0.3,0.3,0.7,1.0
24,Dwayne Bacon\bacondw01,SG,25,ORL,56,36,25.0,3.8,9.5,.400,0.9,2.9,.309,2.9,6.6,.441,.447,1.7,2.1,.836,0.3,2.7,3.0,1.2,0.5,0.1,0.6,1.5,10.2
25,Marvin Bagley III\baglema01,PF,21,SAC,37,37,25.7,5.6,11.2,.502,0.9,2.6,.354,4.7,8.6,.547,.543,1.6,2.9,.560,2.5,5.0,7.4,0.9,0.5,0.5,1.3,2.4,13.9
26,LaMelo Ball\ballla01,PG,19,CHO,41,21,28.6,5.8,12.8,.451,2.0,5.3,.375,3.8,7.6,.503,.528,2.4,3.0,.789,1.3,4.5,5.9,6.1,1.6,0.3,2.8,2.8,15.9
27,Lonzo Ball\balllo01,PG,23,NOP,42,42,31.4,5.1,12.3,.419,3.0,8.0,.376,2.1,4.2,.503,.543,0.9,1.1,.792,0.6,3.5,4.1,5.6,1.4,0.6,2.0,2.0,14.2
28,Mo Bamba\bambamo01,C,22,ORL,32,0,12.3,2.6,5.4,.486,0.8,2.0,.385,1.8,3.4,.546,.558,0.6,1.0,.606,1.3,2.9,4.3,0.5,0.2,1.0,0.6,1.7,6.7
29,Desmond Bane\banede01,SG,22,MEM,50,11,22.4,3.6,7.5,.475,1.8,3.9,.459,1.8,3.6,.492,.593,0.6,0.8,.821,0.4,2.7,3.1,1.6,0.7,0.2,0.9,1.9,9.5
30,Harrison Barnes\barneha02,PF,28,SAC,53,53,36.3,5.3,10.9,.489,1.5,4.2,.365,3.8,6.7,.566,.559,3.4,4.1,.826,1.2,5.5,6.7,3.5,0.8,0.2,1.6,1.3,15.6
31,RJ Barrett\barrerj01,SG,20,NYK,57,57,34.1,6.5,14.5,.448,1.4,3.7,.381,5.1,10.8,.471,.496,2.9,4.0,.734,1.1,4.7,5.7,3.0,0.8,0.3,1.9,2.6,17.3
32,Will Barton\bartowi01,SF,30,DEN,53,49,31.3,4.6,10.9,.427,1.7,4.6,.374,2.9,6.3,.465,.506,1.6,2.1,.782,0.7,3.3,4.0,3.2,0.9,0.4,1.7,1.7,12.6
33,Keita Bates-Diop\bateske01,SF,25,SAS,17,0,7.2,0.8,2.1,.371,0.3,0.9,.333,0.5,1.2,.400,.443,0.4,0.6,.700,0.3,0.9,1.2,0.4,0.4,0.1,0.1,0.4,2.2
34,Nicolas Batum\batumni01,SF,32,LAC,55,38,28.4,3.0,6.5,.458,1.8,4.3,.415,1.2,2.2,.542,.596,0.8,0.9,.846,0.8,4.1,4.9,2.3,1.1,0.5,0.8,1.6,8.5
35,Aron Baynes\baynear01,C,34,TOR,50,31,18.2,2.4,5.6,.431,0.4,1.9,.237,2.0,3.8,.527,.470,0.5,0.7,.730,1.7,3.4,5.1,0.9,0.3,0.4,0.9,2.3,5.8
36,Kent Bazemore\bazemke01,SF,31,GSW,54,5,17.6,2.3,5.2,.448,1.0,2.4,.412,1.3,2.7,.480,.545,0.7,1.1,.702,0.4,2.5,3.0,1.6,0.9,0.5,1.1,2.2,6.4
37,Darius Bazley\bazleda01,PF,20,OKC,40,40,30.8,4.6,11.5,.402,1.5,5.2,.284,3.2,6.3,.500,.466,1.6,2.2,.708,0.6,6.8,7.4,1.6,0.5,0.6,2.0,0.9,12.3
38,Bradley Beal\bealbr01,SG,27,WAS,46,46,35.4,10.9,22.7,.480,2.2,6.5,.331,8.7,16.2,.540,.528,7.0,7.8,.898,1.2,3.6,4.8,4.8,1.1,0.3,3.3,2.4,31.0
39,Malik Beasley\beaslma01,SG,24,MIN,37,36,32.8,7.1,16.2,.440,3.5,8.7,.399,3.7,7.5,.487,.547,1.8,2.2,.850,0.8,3.6,4.4,2.4,0.8,0.2,1.6,1.7,19.6
40,Jordan Bell\belljo01,C,26,WAS,3,1,16.7,1.7,5.0,.333,0.0,0.7,.000,1.7,4.3,.385,.333,0.0,0.0,,1.7,3.7,5.3,1.7,0.3,1.0,1.0,1.3,3.3
41,DeAndre' Bembry\bembrde01,SF,26,TOR,38,11,18.1,2.1,3.9,.544,0.2,0.9,.273,1.9,3.1,.621,.574,0.7,1.1,.683,0.6,2.0,2.6,2.0,0.8,0.4,1.2,1.6,5.2
42,Dāvis Bertāns\bertada01,PF,28,WAS,41,5,24.5,3.3,8.2,.406,2.9,7.3,.400,0.4,0.9,.457,.585,1.7,1.9,.873,0.4,2.6,3.0,0.9,0.6,0.2,0.6,2.5,11.2
43,Patrick Beverley\beverpa01,PG,32,LAC,31,31,23.4,2.6,6.1,.432,1.7,4.0,.416,1.0,2.1,.462,.568,1.1,1.3,.805,0.9,2.7,3.6,2.1,0.8,0.8,0.9,3.1,8.0
44,Saddiq Bey\beysa01,SF,21,DET,54,37,25.6,3.8,9.1,.413,2.3,6.2,.378,1.4,2.9,.487,.542,1.6,1.8,.876,0.5,3.5,4.0,1.3,0.7,0.1,0.8,1.6,11.4
45,Tyler Bey\beyty01,SF,22,DAL,11,0,3.5,0.4,1.1,.333,0.0,0.1,.000,0.4,1.0,.364,.333,0.2,0.4,.500,0.5,0.7,1.2,0.1,0.0,0.1,0.0,0.4,0.9
46,Khem Birch\birchkh01,C,28,TOT,52,7,20.2,2.1,4.5,.468,0.1,0.5,.208,2.0,4.1,.498,.479,1.3,1.8,.723,2.4,2.7,5.1,1.0,0.7,0.7,0.5,1.5,5.6
46,Khem Birch\birchkh01,C,28,ORL,48,5,19.8,2.0,4.4,.450,0.1,0.4,.190,1.9,3.9,.479,.459,1.3,1.8,.741,2.4,2.6,5.1,1.1,0.7,0.6,0.5,1.4,5.3
46,Khem Birch\birchkh01,C,28,TOR,4,2,24.5,4.0,6.5,.615,0.3,0.8,.333,3.8,5.8,.652,.635,1.3,2.3,.556,2.3,3.8,6.0,0.3,0.8,1.5,0.8,2.3,9.5
47,Goga Bitadze\bitadgo01,C,21,IND,36,1,11.0,1.9,4.1,.473,0.4,1.5,.278,1.5,2.6,.587,.524,0.8,1.1,.744,1.3,1.8,3.1,0.7,0.2,1.1,0.4,1.9,5.1
48,Bismack Biyombo\biyombi01,C,28,CHO,51,30,20.9,2.2,3.8,.579,0.0,0.0,.000,2.2,3.8,.582,.579,0.8,1.7,.483,2.0,3.2,5.2,1.3,0.3,1.1,1.0,2.3,5.3
49,Nemanja Bjelica\bjeline01,PF,32,TOT,34,1,15.5,2.3,5.1,.448,0.6,2.2,.270,1.7,2.9,.580,.506,1.0,1.3,.733,0.7,2.7,3.4,1.7,0.3,0.1,0.9,1.9,6.1
49,Nemanja Bjelica\bjeline01,PF,32,SAC,26,1,16.9,2.7,5.8,.460,0.7,2.2,.293,2.0,3.5,.565,.517,1.2,1.6,.762,0.9,2.9,3.8,1.9,0.3,0.1,1.1,1.8,7.2
49,Nemanja Bjelica\bjeline01,PF,32,MIA,8,0,10.9,1.1,3.0,.375,0.4,2.0,.188,0.8,1.0,.750,.438,0.1,0.4,.333,0.1,1.9,2.0,1.1,0.3,0.3,0.4,1.9,2.8
50,Eric Bledsoe\bledser01,SG,31,NOP,55,54,30.2,4.1,10.0,.408,1.7,5.1,.345,2.3,5.0,.471,.495,1.8,2.5,.728,0.4,3.1,3.5,3.7,0.7,0.3,1.6,1.6,11.7
51,Keljin Blevins\blevike01,SF,25,POR,10,0,5.1,0.2,1.4,.143,0.0,0.5,.000,0.2,0.9,.222,.143,0.0,0.0,,0.0,0.2,0.2,0.4,0.2,0.0,0.3,0.4,0.4
52,Bogdan Bogdanović\bogdabo01,SG,28,ATL,31,14,27.6,5.2,11.4,.455,2.8,6.7,.415,2.4,4.7,.510,.576,0.9,1.0,.906,0.5,3.1,3.7,3.0,0.8,0.3,1.1,2.1,14.1
53,Bojan Bogdanović\bogdabo02,SF,31,UTA,56,56,30.4,5.1,12.0,.422,2.4,6.2,.383,2.7,5.8,.464,.522,2.9,3.3,.870,0.6,3.4,4.0,1.8,0.5,0.1,1.4,1.6,15.4
54,Bol Bol\bolbo01,PF,21,DEN,24,2,5.0,0.9,1.8,.512,0.4,0.8,.474,0.5,1.0,.542,.616,0.3,0.5,.583,0.0,0.8,0.8,0.3,0.1,0.4,0.4,0.5,2.5
55,Marques Bolden\boldema01,C,22,CLE,6,0,4.8,0.2,0.5,.333,0.0,0.0,,0.2,0.5,.333,.333,0.8,1.3,.625,0.5,0.5,1.0,0.0,0.3,0.3,0.3,0.0,1.2
56,Jordan Bone\bonejo01,PG,23,ORL,14,0,14.0,1.6,3.9,.426,0.7,2.3,.313,0.9,1.6,.591,.519,0.0,0.0,,0.3,1.4,1.7,1.3,0.1,0.0,0.2,0.8,4.0
57,Isaac Bonga\bongais01,SF,21,WAS,34,7,11.5,0.8,2.1,.375,0.4,1.2,.286,0.4,0.9,.500,.458,0.1,0.2,.500,0.5,1.4,1.9,0.6,0.3,0.2,0.5,1.6,2.0
58,Devin Booker\bookede01,SG,24,PHO,51,51,33.7,9.4,19.2,.488,2.1,5.9,.350,7.3,13.3,.550,.542,4.8,5.6,.864,0.4,3.8,4.2,4.5,0.8,0.3,3.3,2.8,25.7
59,Chris Boucher\bouchch01,C,28,TOR,57,12,24.0,4.8,9.2,.517,1.4,3.8,.380,3.3,5.4,.614,.595,2.5,3.2,.790,1.9,4.7,6.6,1.1,0.6,1.9,0.8,2.8,13.5
60,Brian Bowen\bowenbr02,SF,22,IND,5,0,2.4,0.2,0.6,.333,0.0,0.0,,0.2,0.6,.333,.333,0.2,0.2,1.000,0.0,0.4,0.4,0.0,0.0,0.0,0.0,0.2,0.6
61,Avery Bradley\bradlav01,SG,30,TOT,21,3,21.6,2.6,6.4,.407,1.3,3.8,.350,1.3,2.6,.491,.511,0.5,0.6,.769,0.3,1.8,2.0,1.6,0.7,0.1,0.8,2.1,7.0
61,Avery Bradley\bradlav01,SG,30,MIA,10,1,21.1,3.1,6.6,.470,1.6,3.8,.421,1.5,2.8,.536,.591,0.7,0.9,.778,0.2,1.6,1.8,1.4,0.7,0.1,0.9,2.6,8.5
61,Avery Bradley\bradlav01,SG,30,HOU,11,2,22.1,2.2,6.3,.348,1.1,3.8,.286,1.1,2.5,.444,.435,0.3,0.4,.750,0.4,1.9,2.3,1.7,0.7,0.1,0.7,1.7,5.7
62,Tony Bradley\bradlto01,C,23,TOT,31,8,16.2,3.0,4.5,.667,0.0,0.1,.000,3.0,4.5,.681,.667,0.7,1.1,.657,2.1,3.8,5.9,0.9,0.4,0.8,0.7,1.5,6.8
62,Tony Bradley\bradlto01,C,23,PHI,20,8,14.4,2.6,3.8,.680,0.0,0.1,.000,2.6,3.7,.689,.680,0.4,0.6,.636,2.0,3.3,5.2,0.9,0.3,0.7,0.3,1.4,5.5
62,Tony Bradley\bradlto01,C,23,OKC,11,0,19.6,3.9,6.0,.652,0.0,0.2,.000,3.9,5.8,.672,.652,1.5,2.2,.667,2.4,4.8,7.2,1.1,0.5,1.0,1.5,1.6,9.3
63,Jarrell Brantley\brantja01,PF,24,UTA,18,0,4.4,0.8,1.7,.500,0.4,1.0,.389,0.4,0.7,.667,.617,0.1,0.1,1.000,0.3,0.7,1.1,0.3,0.2,0.1,0.1,0.7,2.2
64,Ignas Brazdeikis\brazdig01,SF,22,TOT,5,0,3.0,0.0,0.8,.000,0.0,0.2,.000,0.0,0.6,.000,.000,0.4,0.4,1.000,0.2,0.6,0.8,0.2,0.0,0.0,0.2,0.0,0.4
64,Ignas Brazdeikis\brazdig01,SF,22,NYK,4,0,1.8,0.0,0.3,.000,0.0,0.0,,0.0,0.3,.000,.000,0.5,0.5,1.000,0.3,0.3,0.5,0.3,0.0,0.0,0.3,0.0,0.5
64,Ignas Brazdeikis\brazdig01,SF,22,PHI,1,0,8.0,0.0,3.0,.000,0.0,1.0,.000,0.0,2.0,.000,.000,0.0,0.0,,0.0,2.0,2.0,0.0,0.0,0.0,0.0,0.0,0.0
65,Mikal Bridges\bridgmi01,SF,24,PHO,55,55,32.1,4.8,9.2,.525,1.7,4.2,.409,3.1,5.0,.622,.618,1.5,1.8,.822,1.1,3.4,4.5,2.2,0.9,0.9,0.8,1.6,12.9
66,Miles Bridges\bridgmi02,PF,22,CHO,55,9,28.0,4.2,8.2,.510,1.5,3.9,.396,2.7,4.4,.610,.603,1.3,1.5,.869,1.3,4.6,5.9,2.0,0.7,0.7,1.7,2.1,11.3
67,Oshae Brissett\brissos01,SF,22,IND,5,0,5.0,1.2,1.6,.750,0.2,0.4,.500,1.0,1.2,.833,.813,0.6,0.6,1.000,0.0,0.4,0.4,0.2,0.2,0.2,0.2,0.2,3.2
68,Malcolm Brogdon\brogdma01,PG,28,IND,49,49,35.1,8.0,17.6,.456,2.7,6.7,.398,5.3,10.9,.492,.532,2.5,3.0,.855,1.1,3.9,5.0,5.9,1.0,0.2,2.0,2.0,21.2
69,Armoni Brooks\brookar01,SG,22,HOU,4,0,13.0,2.3,4.8,.474,1.5,3.8,.400,0.8,1.0,.750,.632,0.0,0.0,,0.0,2.3,2.3,0.8,0.3,0.0,0.8,0.8,6.0
70,Dillon Brooks\brookdi01,SF,25,MEM,51,51,29.5,6.3,15.2,.414,1.9,5.5,.348,4.4,9.7,.452,.477,2.2,2.6,.830,0.8,2.1,2.9,2.4,1.2,0.4,1.8,3.5,16.7
71,Bruce Brown\brownbr01,PG,24,BRK,52,31,22.1,3.5,6.5,.534,0.2,0.9,.255,3.2,5.6,.579,.552,1.3,1.7,.767,1.6,3.2,4.8,1.7,0.9,0.4,0.9,2.2,8.5
72,Jaylen Brown\brownja02,SG,24,BOS,52,52,34.1,9.3,18.8,.493,2.7,6.8,.400,6.6,12.0,.546,.566,3.3,4.3,.754,1.2,4.6,5.8,3.4,1.2,0.6,2.7,2.9,24.6
73,Moses Brown\brownmo01,C,21,OKC,27,16,21.1,3.5,6.3,.559,0.0,0.0,,3.5,6.3,.559,.559,2.1,3.4,.620,3.4,5.3,8.7,0.1,0.6,1.1,1.0,2.0,9.1
74,Sterling Brown\brownst02,SG,25,HOU,51,14,24.1,2.9,6.6,.448,1.8,4.2,.423,1.2,2.4,.492,.584,0.5,0.6,.806,0.7,3.6,4.4,1.4,0.7,0.2,0.8,1.9,8.2
75,Troy Brown Jr.\browntr01,SF,21,TOT,32,0,15.2,1.8,4.3,.420,0.7,2.1,.324,1.1,2.2,.514,.500,0.5,0.7,.714,0.6,2.5,3.1,0.9,0.3,0.2,0.7,1.5,4.8
75,Troy Brown Jr.\browntr01,SF,21,WAS,21,0,13.7,1.6,4.2,.371,0.7,2.2,.304,0.9,2.0,.442,.449,0.5,0.7,.667,0.5,2.4,2.9,0.9,0.1,0.2,0.8,1.4,4.3
75,Troy Brown Jr.\browntr01,SF,21,CHI,11,0,18.1,2.3,4.5,.510,0.7,2.0,.364,1.5,2.5,.630,.592,0.5,0.5,.833,0.7,2.6,3.4,0.8,0.5,0.2,0.5,1.8,5.7
76,Jalen Brunson\brunsja01,PG,24,DAL,51,11,25.5,4.8,9.1,.523,1.2,3.0,.387,3.6,6.1,.590,.587,1.9,2.4,.789,0.4,3.2,3.6,3.4,0.5,0.0,1.3,1.7,12.6
77,Thomas Bryant\bryanth01,C,23,WAS,10,10,27.1,5.9,9.1,.648,0.9,2.1,.429,5.0,7.0,.714,.698,1.6,2.4,.667,1.8,4.3,6.1,1.5,0.4,0.8,1.1,3.1,14.3
78,Reggie Bullock\bullore01,SF,29,NYK,50,49,28.1,3.5,8.2,.428,2.2,5.6,.397,1.3,2.5,.496,.565,0.6,0.7,.889,0.2,3.1,3.3,1.4,0.8,0.2,0.7,2.2,9.9
79,Trey Burke\burketr01,PG,28,DAL,49,0,14.3,2.4,5.4,.444,1.0,2.7,.362,1.4,2.8,.522,.532,0.7,0.8,.850,0.1,0.8,0.9,1.3,0.6,0.1,0.5,1.0,6.5
80,Alec Burks\burksal01,SG,29,NYK,44,5,25.8,4.2,10.1,.414,2.0,5.0,.408,2.2,5.1,.420,.515,2.2,2.5,.865,0.4,4.1,4.5,2.2,0.7,0.3,1.0,2.1,12.6
81,Jimmy Butler\butleji01,SF,31,MIA,41,41,33.7,7.1,14.4,.495,0.5,2.0,.232,6.7,12.4,.537,.511,6.7,7.9,.852,1.9,5.3,7.2,7.2,2.1,0.4,2.1,1.4,21.4
82,Bruno Caboclo\cabocbr01,PF,25,HOU,6,0,6.0,1.3,2.8,.471,0.0,0.8,.000,1.3,2.0,.667,.471,0.2,0.3,.500,0.5,1.8,2.3,0.2,0.0,0.3,0.7,1.0,2.8
83,Devontae Cacok\cacokde01,PF,24,LAL,16,1,5.2,1.1,1.6,.654,0.0,0.0,,1.1,1.6,.654,.654,0.3,0.6,.444,0.6,1.1,1.8,0.1,0.3,0.3,0.3,0.5,2.4
84,Kentavious Caldwell-Pope\caldwke01,SG,27,LAL,52,52,27.0,3.0,7.2,.424,1.6,3.9,.410,1.4,3.2,.440,.536,1.2,1.4,.840,0.4,2.3,2.7,1.7,0.8,0.3,1.1,1.7,8.9
85,Facundo Campazzo\campafa01,PG,29,DEN,50,4,19.0,1.6,4.1,.390,1.1,2.9,.385,0.5,1.2,.403,.524,0.8,1.0,.824,0.3,1.3,1.6,2.9,1.0,0.2,1.0,1.9,5.1
86,Vlatko Čančar\cancavl01,PF,23,DEN,30,0,5.4,0.5,1.3,.421,0.2,0.6,.263,0.4,0.6,.579,.487,0.2,0.3,.875,0.2,0.8,1.0,0.3,0.3,0.1,0.3,0.4,1.5
87,Devin Cannady\cannade01,PG,24,ORL,4,0,3.8,0.8,1.8,.429,0.5,1.3,.400,0.3,0.5,.500,.571,1.5,1.8,.857,0.0,0.0,0.0,0.0,0.5,0.3,0.0,0.5,3.5
88,Clint Capela\capelca01,C,26,ATL,49,49,30.2,6.6,11.0,.602,0.0,0.0,,6.6,11.0,.602,.602,2.1,3.6,.591,4.7,9.6,14.3,0.8,0.7,2.2,1.2,2.3,15.4
89,Vernon Carey Jr.\careyve01,C,19,CHO,11,1,6.2,1.1,2.0,.545,0.1,0.5,.167,1.0,1.5,.688,.568,0.4,0.5,.800,0.2,1.3,1.5,0.2,0.0,0.3,0.3,0.6,2.6
90,Jevon Carter\carteje01,PG,25,PHO,43,0,10.8,1.3,3.2,.410,0.8,2.3,.367,0.5,1.0,.512,.540,0.0,0.0,1.000,0.3,1.2,1.5,1.2,0.4,0.2,0.2,1.0,3.5
91,Wendell Carter Jr.\cartewe01,C,21,TOT,43,33,25.6,4.5,8.5,.526,0.3,0.8,.306,4.2,7.7,.550,.541,2.6,3.6,.739,2.4,5.6,8.0,2.1,0.7,0.8,1.5,2.8,11.8
91,Wendell Carter Jr.\cartewe01,C,21,CHI,32,25,24.8,4.0,7.9,.512,0.3,0.7,.364,3.8,7.2,.526,.528,2.6,3.5,.739,2.2,5.6,7.8,2.2,0.6,0.8,1.5,3.0,10.9
91,Wendell Carter Jr.\cartewe01,C,21,ORL,11,8,27.9,5.7,10.3,.558,0.3,1.3,.214,5.5,9.0,.606,.571,2.8,3.8,.738,3.2,5.5,8.7,2.0,1.0,1.1,1.5,2.2,14.5
92,Michael Carter-Williams\cartemi01,SG,29,ORL,31,25,25.8,3.4,8.7,.389,0.5,2.0,.246,2.9,6.7,.431,.417,1.6,2.6,.613,1.3,3.2,4.5,4.2,0.8,0.5,2.2,2.6,8.8
93,Alex Caruso\carusal01,PG,26,LAL,46,0,20.4,2.1,4.9,.431,1.0,2.3,.415,1.2,2.6,.445,.529,0.8,1.2,.655,0.5,2.4,3.0,2.6,1.2,0.2,1.2,1.8,6.0
94,Willie Cauley-Stein\caulewi01,C,27,DAL,36,11,16.9,2.2,3.6,.617,0.0,0.2,.125,2.2,3.3,.650,.621,0.9,1.4,.660,1.1,3.1,4.2,0.7,0.3,0.8,0.5,2.3,5.3
95,Chris Chiozza\chiozch01,PG,25,BRK,22,1,10.5,1.4,4.0,.352,0.6,1.9,.310,0.8,2.1,.391,.426,0.6,0.8,.765,0.1,1.0,1.1,3.0,0.3,0.3,0.7,0.9,4.0
96,Marquese Chriss\chrisma01,PF,23,GSW,2,0,13.5,2.5,7.0,.357,0.5,2.5,.200,2.0,4.5,.444,.393,1.0,2.0,.500,1.5,5.0,6.5,1.0,0.0,1.0,1.0,1.5,6.5
97,Gary Clark\clarkga01,SF,26,TOT,37,11,17.3,1.1,3.5,.305,0.8,2.9,.287,0.2,0.6,.391,.424,0.2,0.3,.800,0.9,2.2,3.1,0.8,0.3,0.2,0.5,0.9,3.2
97,Gary Clark\clarkga01,SF,26,ORL,35,11,18.2,1.1,3.7,.305,0.9,3.1,.287,0.3,0.7,.391,.424,0.2,0.3,.800,0.9,2.3,3.2,0.9,0.3,0.2,0.5,1.0,3.4
97,Gary Clark\clarkga01,SF,26,DEN,2,0,2.0,0.0,0.0,,0.0,0.0,,0.0,0.0,,,0.0,0.0,,0.0,0.5,0.5,0.0,0.0,0.0,0.0,0.0,0.0
98,Brandon Clarke\clarkbr01,PF,24,MEM,45,16,25.4,4.7,9.1,.518,0.4,1.4,.302,4.3,7.7,.558,.542,1.4,2.1,.667,1.6,4.0,5.6,1.7,1.0,0.8,0.6,1.5,11.2
99,Jordan Clarkson\clarkjo01,SG,28,UTA,52,0,25.4,6.3,14.8,.422,3.0,8.6,.347,3.3,6.2,.525,.523,1.7,1.8,.946,0.8,3.2,3.9,2.2,0.9,0.2,1.7,1.5,17.2
100,Nicolas Claxton\claxtni01,C,21,BRK,24,1,18.3,2.8,4.9,.581,0.0,0.2,.200,2.8,4.7,.598,.585,1.0,1.9,.500,1.4,3.5,4.9,1.1,0.7,1.2,0.6,2.1,6.7
101,Amir Coffey\coffeam01,SG,23,LAC,38,0,8.0,1.0,2.1,.475,0.5,1.2,.435,0.5,0.9,.529,.600,0.3,0.6,.619,0.2,0.7,0.9,0.4,0.2,0.0,0.3,0.4,2.9
102,John Collins\collijo01,PF,23,ATL,47,47,30.3,7.1,13.0,.545,1.3,3.4,.380,5.8,9.6,.603,.594,2.7,3.3,.838,2.1,5.7,7.8,1.4,0.5,1.0,1.2,3.2,18.2
103,Mike Conley\conlemi01,PG,33,UTA,45,45,29.9,5.6,12.6,.449,2.8,6.6,.415,2.9,5.9,.487,.558,2.3,2.7,.854,0.7,2.6,3.4,5.7,1.3,0.2,1.9,2.0,16.4
104,Pat Connaughton\connapa01,SG,28,MIL,52,3,23.1,2.5,5.7,.446,1.5,3.8,.390,1.0,1.8,.564,.578,0.5,0.7,.735,1.0,3.8,4.8,1.3,0.7,0.3,0.5,1.5,7.0
105,Quinn Cook\cookqu01,PG,27,TOT,23,0,6.8,1.3,3.0,.426,0.5,1.1,.423,0.8,1.8,.429,.507,0.3,0.3,.875,0.1,0.7,0.7,0.8,0.2,0.0,0.3,0.4,3.3
105,Quinn Cook\cookqu01,PG,27,LAL,16,0,3.9,0.8,1.6,.462,0.3,0.8,.385,0.4,0.8,.538,.558,0.3,0.3,.800,0.0,0.3,0.3,0.3,0.1,0.1,0.2,0.1,2.1
105,Quinn Cook\cookqu01,PG,27,CLE,7,0,13.6,2.4,6.0,.405,0.9,1.9,.462,1.6,4.1,.379,.476,0.4,0.4,1.000,0.3,1.4,1.7,1.9,0.4,0.0,0.6,1.1,6.1
106,Tyler Cook\cookty01,SF-PF,23,TOT,17,0,10.9,1.4,2.4,.575,0.0,0.0,,1.4,2.4,.575,.575,0.5,0.9,.500,0.8,1.5,2.3,0.5,0.2,0.0,0.6,1.1,3.2
106,Tyler Cook\cookty01,PF,23,BRK,4,0,4.3,0.3,0.8,.333,0.0,0.0,,0.3,0.8,.333,.333,0.0,0.0,,0.3,0.3,0.5,0.5,0.0,0.0,0.3,0.5,0.5
106,Tyler Cook\cookty01,SF,23,DET,13,0,13.0,1.7,2.8,.595,0.0,0.0,,1.7,2.8,.595,.595,0.6,1.2,.500,0.9,1.9,2.8,0.5,0.3,0.0,0.8,1.3,4.0
107,DeMarcus Cousins\couside01,C,30,TOT,29,11,18.6,3.0,7.8,.379,1.4,4.1,.336,1.6,3.7,.426,.467,1.6,2.2,.723,1.2,5.8,7.0,2.2,0.8,0.6,1.5,2.8,8.9
107,DeMarcus Cousins\couside01,C,30,HOU,25,11,20.2,3.2,8.4,.376,1.6,4.6,.336,1.6,3.8,.426,.469,1.8,2.4,.746,1.2,6.4,7.6,2.4,0.8,0.7,1.6,3.0,9.6
107,DeMarcus Cousins\couside01,C,30,LAC,4,0,8.5,1.8,4.3,.412,0.3,0.8,.333,1.5,3.5,.429,.441,0.8,1.5,.500,1.0,1.8,2.8,0.8,0.8,0.0,1.3,1.8,4.5
108,Robert Covington\covinro01,PF,30,POR,53,53,32.2,3.2,7.6,.415,2.1,5.3,.387,1.1,2.3,.483,.551,0.7,0.9,.809,0.8,5.8,6.6,1.7,1.6,1.3,1.1,2.7,9.1
109,Torrey Craig\craigto01,SF,30,TOT,33,0,13.3,1.7,3.5,.483,0.6,1.6,.396,1.1,1.9,.556,.573,0.2,0.3,.600,0.8,2.3,3.1,0.9,0.6,0.4,0.4,1.5,4.2
109,Torrey Craig\craigto01,SF,30,MIL,18,0,11.2,1.0,2.6,.391,0.4,1.2,.364,0.6,1.3,.417,.478,0.1,0.1,.500,0.7,1.7,2.4,0.9,0.5,0.4,0.3,1.3,2.5
109,Torrey Craig\craigto01,SF,30,PHO,15,0,15.9,2.5,4.7,.543,0.9,2.1,.419,1.7,2.6,.641,.636,0.3,0.5,.625,1.0,3.0,4.0,0.9,0.7,0.4,0.5,1.7,6.3
110,Jae Crowder\crowdja01,PF,30,PHO,52,37,27.8,3.3,8.2,.409,2.4,6.3,.388,0.9,1.9,.480,.558,1.0,1.3,.761,0.5,4.4,4.9,2.1,0.8,0.4,0.9,2.0,10.1
111,Jarrett Culver\culveja01,SG,21,MIN,33,7,15.0,2.1,5.1,.407,0.4,1.6,.245,1.7,3.5,.482,.446,0.9,1.5,.604,1.0,2.1,3.2,0.7,0.5,0.3,0.8,1.7,5.4
112,Seth Curry\curryse01,SG,30,PHI,44,44,28.9,4.4,9.8,.445,2.0,4.8,.410,2.4,5.0,.480,.545,1.3,1.5,.894,0.2,1.9,2.1,2.8,0.8,0.2,1.3,1.7,12.0
113,Stephen Curry\curryst01,PG,32,GSW,48,48,33.9,10.1,20.6,.489,5.0,11.8,.422,5.1,8.8,.580,.610,5.5,6.0,.927,0.5,5.0,5.5,5.9,1.3,0.1,3.2,1.8,30.7
114,Nate Darling\darlina01,SG,22,CHO,6,0,4.0,0.3,1.2,.286,0.3,1.2,.286,0.0,0.0,,.429,0.5,0.5,1.000,0.2,0.0,0.2,0.2,0.0,0.2,0.2,0.2,1.5
115,Anthony Davis\davisan02,PF,27,LAL,23,23,32.8,8.9,16.7,.533,0.7,2.5,.293,8.1,14.1,.575,.555,4.0,5.7,.715,2.0,6.3,8.4,3.0,1.3,1.8,2.0,1.8,22.5
116,Ed Davis\davised01,C,31,MIN,21,7,13.5,0.9,2.1,.432,0.0,0.0,,0.9,2.1,.432,.432,0.4,0.5,.900,2.2,3.0,5.2,1.0,0.6,0.6,0.3,2.5,2.2
117,Terence Davis\daviste02,SG,23,TOT,45,4,15.3,2.6,6.4,.410,1.3,3.8,.345,1.3,2.6,.504,.512,0.5,0.6,.828,0.3,1.7,2.0,1.1,0.6,0.2,0.9,1.4,7.1
117,Terence Davis\daviste02,SG,23,TOR,34,4,14.5,2.6,6.2,.414,1.3,3.6,.361,1.3,2.6,.489,.519,0.5,0.5,.889,0.3,1.7,1.9,1.1,0.5,0.2,0.9,1.4,6.9
117,Terence Davis\daviste02,SG,23,SAC,11,0,17.6,2.8,7.1,.397,1.4,4.5,.306,1.5,2.6,.552,.494,0.7,1.0,.727,0.3,1.9,2.2,1.1,0.7,0.3,1.2,1.5,7.7
118,Dewayne Dedmon\dedmode01,C,31,MIA,1,0,6.0,1.0,4.0,.250,0.0,2.0,.000,1.0,2.0,.500,.250,1.0,2.0,.500,1.0,4.0,5.0,1.0,0.0,2.0,0.0,1.0,3.0
119,Matthew Dellavedova\dellama01,PG,30,CLE,8,1,18.9,1.1,4.5,.250,0.3,2.0,.125,0.9,2.5,.350,.278,0.5,0.5,1.000,0.8,1.3,2.0,4.8,0.3,0.0,0.5,1.3,3.0
120,DeMar DeRozan\derozde01,PF,31,SAS,47,47,34.0,7.4,14.9,.495,0.4,1.4,.281,7.0,13.5,.517,.508,6.1,6.9,.880,0.7,3.6,4.3,7.2,0.9,0.3,1.9,2.0,21.2
121,Mamadi Diakite\diakima01,PF,24,MIL,10,0,9.3,1.0,2.6,.385,0.1,0.6,.167,0.9,2.0,.450,.404,0.6,0.6,1.000,0.6,1.9,2.5,0.6,0.3,0.5,0.3,1.2,2.7
122,Hamidou Diallo\diallha01,SG-SF,22,TOT,42,5,23.1,4.3,8.8,.484,0.5,1.3,.339,3.8,7.5,.510,.509,2.5,3.8,.652,1.2,3.8,5.0,2.1,0.9,0.5,1.5,2.5,11.4
122,Hamidou Diallo\diallha01,SG,22,OKC,32,5,23.8,4.5,9.3,.481,0.4,1.3,.293,4.1,8.0,.512,.502,2.6,4.1,.629,1.2,4.0,5.2,2.4,1.0,0.4,1.5,2.6,11.9
122,Hamidou Diallo\diallha01,SF,22,DET,10,0,20.8,3.6,7.3,.493,0.7,1.5,.467,2.9,5.8,.500,.541,2.0,2.6,.769,1.2,3.2,4.4,1.2,0.6,0.7,1.2,2.3,9.9
123,Gorgui Dieng\dienggo01,C,31,TOT,25,1,15.8,2.3,4.6,.504,1.0,2.1,.462,1.4,2.5,.540,.609,1.7,2.0,.857,1.1,2.9,4.0,1.2,0.8,0.6,1.0,1.7,7.3
123,Gorgui Dieng\dienggo01,C,31,MEM,22,1,16.9,2.5,4.9,.519,1.0,2.2,.479,1.5,2.7,.550,.625,1.7,2.0,.884,1.3,3.2,4.5,1.3,0.8,0.6,1.0,1.7,7.9
123,Gorgui Dieng\dienggo01,C,31,SAS,3,0,8.0,0.7,2.3,.286,0.3,1.3,.250,0.3,1.0,.333,.357,1.3,2.0,.667,0.0,0.7,0.7,0.0,0.7,0.0,0.7,1.7,3.0
124,Spencer Dinwiddie\dinwisp01,SG,27,BRK,3,3,21.3,2.0,5.3,.375,0.7,2.3,.286,1.3,3.0,.444,.438,2.0,2.0,1.000,0.0,4.3,4.3,3.0,0.7,0.3,1.7,1.3,6.7
125,Donte DiVincenzo\divindo01,SG,24,MIL,52,52,27.5,3.9,9.4,.417,2.0,5.2,.384,1.9,4.2,.458,.524,0.8,1.1,.732,1.2,4.4,5.6,3.1,1.2,0.2,1.4,1.6,10.6
126,Luka Dončić\doncilu01,PG,21,DAL,50,50,35.1,10.1,20.8,.485,3.0,8.2,.361,7.1,12.6,.566,.556,5.3,7.2,.733,0.8,7.2,7.9,8.8,1.0,0.6,4.3,2.2,28.4
127,Luguentz Dort\dortlu01,SG,21,OKC,44,44,29.5,4.7,11.9,.398,2.1,6.1,.343,2.6,5.8,.457,.487,2.0,2.8,.726,0.7,2.9,3.6,1.6,1.0,0.4,1.5,2.5,13.6
128,Damyean Dotson\dotsoda01,SG,26,CLE,35,6,18.8,2.5,6.3,.394,0.9,3.3,.278,1.6,3.0,.519,.466,0.6,0.9,.688,0.1,1.9,2.0,2.1,0.4,0.1,0.8,0.9,6.5
129,Devon Dotson\dotsode01,PG,21,CHI,4,0,4.0,0.5,1.3,.400,0.0,0.0,,0.5,1.3,.400,.400,0.0,0.0,,0.5,0.3,0.8,0.5,0.3,0.0,0.0,0.3,1.0
130,Sekou Doumbouya\doumbse01,PF,20,DET,46,3,13.3,1.5,4.2,.345,0.5,1.9,.241,1.0,2.3,.430,.399,0.7,0.9,.738,0.5,1.6,2.1,0.6,0.4,0.1,0.7,1.6,4.0
131,PJ Dozier\doziepj01,SG,24,DEN,41,0,20.2,2.7,6.3,.419,0.9,2.6,.343,1.8,3.7,.474,.490,0.9,1.4,.614,0.7,2.9,3.6,1.6,0.6,0.4,0.9,1.7,7.1
132,Goran Dragić\dragigo01,PG,34,MIA,36,10,26.5,4.7,10.8,.434,1.6,4.7,.339,3.1,6.1,.507,.508,2.1,2.6,.811,0.3,3.0,3.3,4.4,0.6,0.2,2.6,2.3,13.1
133,Andre Drummond\drumman01,C,27,TOT,30,30,27.8,6.6,14.0,.471,0.0,0.3,.000,6.6,13.7,.481,.471,2.9,4.8,.600,3.8,9.0,12.8,2.3,1.6,1.1,3.2,3.0,16.1
133,Andre Drummond\drumman01,C,27,CLE,25,25,28.9,7.2,15.2,.474,0.0,0.3,.000,7.2,14.9,.484,.474,3.1,5.2,.597,4.0,9.4,13.5,2.6,1.6,1.2,3.2,2.8,17.5
133,Andre Drummond\drumman01,C,27,LAL,5,5,22.6,3.6,8.0,.450,0.0,0.0,,3.6,8.0,.450,.450,2.0,3.2,.625,2.6,6.6,9.2,1.2,1.4,0.6,3.0,4.0,9.2
134,Jared Dudley\dudleja01,PF,35,LAL,11,0,6.9,0.2,0.6,.286,0.2,0.5,.400,0.0,0.2,.000,.429,0.0,0.0,,0.4,1.4,1.7,0.5,0.1,0.1,0.2,0.6,0.5
135,Kevin Durant\duranke01,PF,32,BRK,23,21,33.9,9.6,17.7,.539,2.6,5.7,.454,7.0,12.1,.579,.612,6.4,7.3,.880,0.4,6.6,7.0,5.4,0.6,1.3,3.9,2.1,28.1
136,Anthony Edwards\edwaran01,SG,19,MIN,57,40,31.3,6.6,16.5,.398,2.2,6.9,.316,4.4,9.7,.456,.463,2.7,3.4,.786,0.8,3.5,4.4,2.7,1.1,0.4,2.1,1.6,18.0
137,Carsen Edwards\edwarca01,SG,22,BOS,23,1,8.8,1.7,3.7,.464,0.6,1.9,.295,1.1,1.7,.650,.542,0.3,0.4,.778,0.1,0.7,0.9,0.4,0.2,0.0,0.2,1.0,4.3
138,CJ Elleby\ellebcj01,SF,20,POR,21,0,7.3,0.9,2.3,.388,0.3,1.3,.222,0.6,1.0,.591,.449,0.3,0.5,.636,0.4,0.7,1.0,0.2,0.3,0.1,0.1,1.0,2.4
139,Henry Ellenson\ellenhe01,PF,24,TOR,2,0,19.0,2.5,7.0,.357,1.0,4.5,.222,1.5,2.5,.600,.429,1.5,2.0,.750,1.5,4.5,6.0,2.5,0.0,0.0,0.0,3.5,7.5
140,Wayne Ellington\ellinwa01,SG,33,DET,40,29,22.1,3.3,7.5,.446,2.5,6.0,.423,0.8,1.5,.542,.616,0.7,0.8,.788,0.3,1.6,1.9,1.4,0.4,0.2,0.7,1.4,9.8
141,Joel Embiid\embiijo01,C,26,PHI,38,38,32.2,9.4,18.2,.516,1.2,3.1,.379,8.2,15.1,.544,.548,10.1,11.8,.855,2.2,8.9,11.1,3.0,1.0,1.4,3.1,2.4,30.0
142,James Ennis\ennisja01,SF,30,ORL,39,35,24.3,2.9,6.1,.475,1.1,2.6,.436,1.7,3.5,.504,.568,1.7,2.1,.815,1.1,3.0,4.1,1.5,0.8,0.2,0.9,2.1,8.6
143,Drew Eubanks\eubandr01,C,23,SAS,36,0,13.3,1.9,3.6,.543,0.0,0.0,1.000,1.9,3.6,.539,.547,1.2,1.7,.689,1.0,2.8,3.8,0.8,0.3,1.0,0.8,1.4,5.1
144,Dante Exum\exumda01,SG,25,CLE,6,3,19.3,1.7,4.3,.385,0.3,1.8,.182,1.3,2.5,.533,.423,0.2,0.3,.500,0.3,2.5,2.8,2.2,0.7,0.3,1.2,1.5,3.8
145,Tacko Fall\fallta01,C,25,BOS,15,0,6.7,1.2,1.6,.750,0.0,0.0,,1.2,1.6,.750,.750,0.3,0.9,.308,0.7,1.8,2.5,0.1,0.1,0.8,0.3,1.1,2.7
146,Derrick Favors\favorde01,C,29,UTA,53,0,15.5,2.3,3.8,.623,0.0,0.0,.000,2.3,3.7,.626,.623,1.0,1.4,.740,2.1,3.4,5.5,0.8,0.5,1.0,0.6,2.2,5.7
147,Cristiano Felício\feliccr01,C,28,CHI,11,0,4.2,0.3,0.4,.750,0.0,0.0,,0.3,0.4,.750,.750,0.5,0.9,.600,0.5,0.6,1.2,0.5,0.2,0.0,0.3,0.4,1.1
148,Terrance Ferguson\fergute01,SG,22,PHI,13,0,3.8,0.1,0.5,.143,0.0,0.4,.000,0.1,0.2,.500,.143,0.0,0.0,,0.0,0.1,0.1,0.2,0.1,0.0,0.3,0.5,0.2
149,Bruno Fernando\fernabr01,C,22,ATL,26,0,6.8,0.5,1.1,.429,0.0,0.1,.000,0.5,1.0,.462,.429,0.5,0.7,.667,0.5,2.0,2.5,0.3,0.1,0.1,0.7,0.8,1.4
150,Yogi Ferrell\ferreyo01,PG,27,CLE,2,0,20.0,4.0,10.5,.381,1.5,4.5,.333,2.5,6.0,.417,.452,0.0,1.0,.000,1.5,2.0,3.5,2.5,1.5,0.5,1.5,2.0,9.5
151,Dorian Finney-Smith\finnedo01,PF,27,DAL,44,44,32.0,3.3,7.7,.436,1.8,4.9,.364,1.5,2.7,.567,.553,0.5,0.7,.800,1.7,3.9,5.7,1.6,0.9,0.5,0.6,2.5,9.0
152,Malik Fitts\fittsma01,PF,23,LAC,2,0,2.0,0.0,0.5,.000,0.0,0.5,.000,0.0,0.0,,.000,0.0,0.0,,0.0,1.0,1.0,0.0,0.0,0.0,0.0,1.0,0.0
153,Malachi Flynn\flynnma01,PG,22,TOR,32,5,16.8,2.0,5.8,.348,0.8,2.8,.300,1.2,3.0,.392,.420,0.5,0.7,.739,0.2,1.8,1.9,2.6,0.8,0.2,0.8,1.2,5.4
154,Bryn Forbes\forbebr01,SG,27,MIL,54,8,19.1,3.4,7.4,.455,2.1,4.8,.442,1.3,2.7,.479,.597,0.6,0.8,.756,0.1,1.2,1.3,0.6,0.3,0.0,0.6,1.1,9.5
155,Trent Forrest\forretr01,PG,22,UTA,15,0,5.8,0.5,1.1,.438,0.0,0.2,.000,0.5,0.9,.538,.438,0.1,0.1,1.000,0.0,0.5,0.5,1.2,0.3,0.1,0.5,0.3,1.1
156,Evan Fournier\fournev01,SF-SG,28,TOT,30,26,30.1,6.2,13.6,.457,2.8,7.0,.398,3.4,6.5,.520,.560,3.4,4.2,.795,0.2,2.6,2.7,3.4,1.1,0.4,1.9,2.2,18.6
156,Evan Fournier\fournev01,SF,28,ORL,26,26,30.3,6.5,14.2,.461,2.8,7.2,.388,3.7,7.0,.536,.560,3.8,4.7,.797,0.2,2.7,2.9,3.7,1.0,0.3,2.1,2.1,19.7
156,Evan Fournier\fournev01,SG,28,BOS,4,0,28.8,4.0,9.5,.421,2.8,5.8,.478,1.3,3.8,.333,.566,0.8,1.0,.750,0.0,1.8,1.8,1.8,1.3,0.8,1.0,2.5,11.5
157,De'Aaron Fox\foxde01,PG,23,SAC,55,55,35.1,9.2,19.1,.479,1.8,5.6,.325,7.3,13.5,.543,.527,5.1,7.1,.710,0.6,2.9,3.5,7.1,1.5,0.5,3.1,2.9,25.2
158,Robert Franks\frankro01,PF,24,ORL,2,0,8.5,1.0,1.0,1.000,0.5,0.5,1.000,0.5,0.5,1.000,1.250,1.5,2.0,.750,1.0,1.0,2.0,0.5,0.0,0.0,1.0,1.5,4.0
159,Tim Frazier\fraziti01,PG,30,MEM,3,0,11.0,0.7,2.7,.250,0.0,0.7,.000,0.7,2.0,.333,.250,0.0,0.0,,0.0,1.3,1.3,2.3,0.3,0.0,1.0,1.3,1.3
160,Markelle Fultz\fultzma01,PG,22,ORL,8,8,26.9,5.1,13.0,.394,0.5,2.0,.250,4.6,11.0,.420,.413,2.1,2.4,.895,0.6,2.5,3.1,5.4,1.0,0.3,2.3,2.3,12.9
161,Wenyen Gabriel\gabriwe01,PF,23,NOP,9,0,4.7,0.2,1.2,.182,0.1,0.6,.200,0.1,0.7,.167,.227,0.2,0.4,.500,0.8,0.8,1.6,0.6,0.1,0.0,0.8,0.2,0.8
162,Daniel Gafford\gaffoda01,PF-C,22,TOT,37,11,13.2,2.4,3.5,.677,0.0,0.0,,2.4,3.5,.677,.677,1.1,1.6,.683,1.4,2.3,3.7,0.5,0.4,1.2,0.8,1.7,5.9
162,Daniel Gafford\gaffoda01,PF,22,CHI,31,11,12.4,1.9,2.8,.690,0.0,0.0,,1.9,2.8,.690,.690,0.9,1.3,.659,1.4,1.9,3.3,0.5,0.4,1.1,0.7,1.7,4.7
162,Daniel Gafford\gaffoda01,C,22,WAS,6,0,17.5,4.7,7.2,.651,0.0,0.0,,4.7,7.2,.651,.651,2.3,3.2,.737,1.3,4.2,5.5,0.5,0.8,1.8,1.2,1.5,11.7
163,Danilo Gallinari\gallida01,PF,32,ATL,39,4,24.0,4.0,9.5,.425,2.1,5.2,.407,1.9,4.2,.448,.538,3.2,3.4,.933,0.3,3.8,4.1,1.4,0.6,0.2,1.0,2.1,13.4
164,Langston Galloway\gallola01,SG,29,PHO,34,0,11.1,1.7,3.6,.471,0.9,2.1,.451,0.7,1.5,.500,.603,0.5,0.5,1.000,0.1,0.9,1.0,0.7,0.2,0.0,0.3,0.7,4.8
165,Darius Garland\garlada01,PG,21,CLE,45,42,33.4,6.5,14.6,.447,1.9,4.7,.399,4.6,9.9,.470,.511,2.0,2.4,.849,0.5,2.0,2.4,5.9,1.2,0.1,3.0,2.2,17.0
166,Marc Gasol\gasolma01,C,36,LAL,44,42,19.5,1.8,4.1,.444,1.0,2.5,.387,0.8,1.6,.536,.564,0.8,1.0,.750,0.8,3.3,4.0,2.1,0.5,1.2,1.2,2.3,5.4
167,Rudy Gay\gayru01,PF,34,SAS,47,0,21.7,4.0,9.7,.413,1.6,4.3,.385,2.4,5.5,.434,.497,1.3,1.6,.787,0.8,4.2,5.0,1.5,0.7,0.6,1.0,1.9,10.9
168,Paul George\georgpa01,SF,30,LAC,43,43,33.7,8.4,17.5,.479,3.3,7.5,.437,5.1,10.0,.510,.572,3.6,4.0,.891,0.9,5.4,6.3,5.5,1.2,0.5,3.2,2.4,23.6
169,Taj Gibson\gibsota01,PF,35,NYK,30,2,20.6,1.9,3.3,.580,0.1,0.5,.214,1.8,2.9,.640,.595,1.0,1.5,.682,2.0,3.2,5.2,0.7,0.8,1.0,0.6,2.2,5.0
170,Harry Giles\gilesha01,C,22,POR,30,0,10.3,1.1,2.5,.427,0.2,0.5,.467,0.8,2.0,.417,.473,0.5,0.7,.682,1.0,3.0,3.9,0.8,0.2,0.3,0.6,1.7,2.9
171,Shai Gilgeous-Alexander\gilgesh01,SG,22,OKC,35,35,33.7,8.2,16.1,.508,2.0,4.9,.418,6.2,11.3,.547,.571,5.3,6.5,.808,0.5,4.2,4.7,5.9,0.8,0.7,3.0,2.0,23.7
172,Anthony Gill\gillan01,PF,28,WAS,17,1,5.4,0.4,1.2,.350,0.1,0.7,.167,0.3,0.5,.625,.400,0.2,0.3,.800,0.5,1.1,1.6,0.2,0.2,0.1,0.2,0.6,1.2
173,Freddie Gillespie\gillefr01,PF,23,TOR,5,0,16.0,2.6,4.2,.619,0.0,0.0,,2.6,4.2,.619,.619,0.6,0.8,.750,1.6,2.6,4.2,0.4,0.6,0.8,0.6,2.0,5.8
174,Rudy Gobert\goberru01,C,28,UTA,56,56,31.1,5.5,8.2,.670,0.0,0.1,.000,5.5,8.1,.675,.670,3.4,5.6,.613,3.4,10.1,13.6,1.3,0.5,2.9,1.6,2.4,14.4
175,Brandon Goodwin\goodwbr01,PG,25,ATL,37,3,12.2,1.7,4.4,.380,0.7,2.1,.346,0.9,2.3,.412,.463,0.5,0.8,.667,0.2,1.1,1.3,1.8,0.4,0.0,0.7,0.8,4.6
176,Aaron Gordon\gordoaa01,PF,25,TOT,36,36,28.8,5.0,10.6,.469,1.4,3.9,.357,3.6,6.7,.533,.534,2.3,3.5,.646,1.5,4.5,6.0,3.7,0.7,0.8,2.2,1.9,13.6
176,Aaron Gordon\gordoaa01,PF,25,ORL,25,25,29.4,5.1,11.7,.437,1.7,4.5,.375,3.4,7.2,.475,.509,2.6,4.2,.629,1.6,5.1,6.6,4.2,0.6,0.8,2.7,2.0,14.6
176,Aaron Gordon\gordoaa01,PF,25,DEN,11,11,27.2,4.6,8.1,.573,0.7,2.5,.286,3.9,5.5,.705,.618,1.5,2.0,.727,1.3,3.3,4.5,2.5,0.8,0.6,1.1,1.6,11.5
177,Eric Gordon\gordoer01,SG,32,HOU,27,13,29.2,5.9,13.6,.433,2.6,7.8,.329,3.3,5.8,.573,.527,3.5,4.2,.825,0.3,1.9,2.1,2.6,0.5,0.5,1.9,1.6,17.8
178,Devonte' Graham\grahade01,PG,25,CHO,44,38,29.8,4.5,11.9,.375,3.1,8.3,.374,1.4,3.6,.377,.506,2.1,2.6,.823,0.4,2.3,2.7,5.2,1.0,0.1,1.5,1.3,14.2
179,Jerami Grant\grantje01,SF,26,DET,49,49,34.4,7.5,17.4,.430,2.2,6.2,.357,5.3,11.2,.471,.494,5.4,6.3,.858,0.7,4.1,4.8,2.9,0.7,1.1,2.0,2.3,22.6
180,Danny Green\greenda02,SF,33,PHI,55,55,28.5,3.3,7.9,.419,2.6,6.3,.412,0.7,1.6,.449,.583,0.5,0.6,.758,0.8,2.9,3.7,1.7,1.3,0.9,1.1,1.8,9.7
181,Draymond Green\greendr01,PF,30,GSW,48,48,30.6,2.5,6.1,.416,0.5,2.1,.263,2.0,4.0,.495,.460,1.1,1.4,.773,0.9,5.7,6.6,8.5,1.6,0.8,3.0,3.1,6.6
182,JaMychal Green\greenja01,PF,30,DEN,43,4,18.5,3.1,6.5,.471,1.4,3.4,.408,1.7,3.1,.541,.579,0.8,1.0,.837,1.5,3.5,5.0,0.8,0.5,0.3,1.0,2.6,8.4
183,Javonte Green\greenja02,SG-PG,27,TOT,29,2,12.8,1.4,2.7,.519,0.2,0.8,.304,1.1,1.9,.611,.565,0.7,1.0,.667,0.8,1.2,2.0,0.4,0.7,0.1,0.6,1.2,3.7
183,Javonte Green\greenja02,SG,27,BOS,25,2,13.8,1.6,2.8,.549,0.3,0.9,.318,1.3,2.0,.653,.599,0.8,1.2,.667,0.8,1.3,2.1,0.4,0.7,0.1,0.5,1.3,4.2
183,Javonte Green\greenja02,PG,27,CHI,4,0,6.5,0.3,1.5,.167,0.0,0.3,.000,0.3,1.3,.200,.167,0.0,0.0,,0.5,1.0,1.5,0.5,0.5,0.5,0.8,0.8,0.5
184,Jeff Green\greenje02,C,34,BRK,52,29,26.7,3.6,7.4,.491,1.4,3.4,.410,2.2,3.9,.561,.586,1.6,2.1,.757,0.5,3.3,3.7,1.5,0.5,0.3,0.8,1.7,10.3
185,Josh Green\greenjo02,SG,20,DAL,28,5,10.1,0.9,2.1,.433,0.1,0.6,.118,0.9,1.5,.558,.450,0.3,0.5,.600,0.6,1.3,1.9,0.5,0.3,0.1,0.5,0.7,2.3
186,Blake Griffin\griffbl01,PF,31,TOT,30,21,27.3,3.6,9.1,.391,1.6,4.9,.329,2.0,4.3,.461,.478,2.1,2.8,.729,0.4,4.4,4.8,3.3,0.7,0.2,1.5,2.1,10.8
186,Blake Griffin\griffbl01,PF,31,DET,20,20,31.3,4.1,11.1,.365,2.0,6.2,.315,2.1,4.9,.429,.453,2.2,3.1,.710,0.4,4.9,5.2,3.9,0.7,0.1,1.6,2.1,12.3
186,Blake Griffin\griffbl01,PF,31,BRK,10,1,19.2,2.6,5.2,.500,0.9,2.2,.409,1.7,3.0,.567,.587,1.8,2.3,.783,0.5,3.6,4.1,2.2,0.8,0.5,1.3,2.2,7.9
187,Kyle Guy\guyky01,PG,23,SAC,22,0,6.9,1.0,2.6,.379,0.5,1.5,.313,0.5,1.2,.462,.466,0.5,0.5,.833,0.1,0.9,1.0,0.9,0.2,0.0,0.2,0.6,2.9
188,Rui Hachimura\hachiru01,PF,22,WAS,46,46,31.9,5.3,11.3,.469,0.8,2.5,.310,4.5,8.7,.515,.504,2.3,3.0,.763,0.9,4.9,5.8,1.5,0.8,0.1,1.3,2.2,13.7
189,Ashton Hagans\haganas01,PG,21,MIN,2,0,2.0,0.0,0.0,,0.0,0.0,,0.0,0.0,,,0.0,0.0,,0.0,0.0,0.0,0.0,0.0,0.0,0.5,0.0,0.0
190,Tyrese Haliburton\halibty01,PG,20,SAC,50,15,30.2,5.0,10.5,.475,2.1,5.1,.411,2.9,5.5,.535,.574,0.8,0.9,.844,0.7,2.4,3.1,5.0,1.3,0.5,1.5,1.6,12.8
191,Donta Hall\halldo01,PF,23,ORL,2,0,16.5,1.0,1.5,.667,0.0,0.0,,1.0,1.5,.667,.667,2.0,2.5,.800,1.5,3.5,5.0,2.5,1.0,1.5,1.0,1.0,4.0
192,Josh Hall\halljo01,SF,20,OKC,14,0,12.4,0.6,3.2,.200,0.1,1.4,.100,0.5,1.8,.280,.222,1.2,2.1,.586,0.1,1.9,2.0,1.3,0.0,0.0,1.1,1.5,2.6
193,R.J. Hampton\hamptrj01,PG-SG,19,TOT,36,1,13.3,1.9,4.3,.438,0.4,1.3,.277,1.5,2.9,.509,.480,0.6,0.9,.625,0.5,2.2,2.7,0.8,0.4,0.1,0.7,1.0,4.6
193,R.J. Hampton\hamptrj01,PG,19,DEN,25,0,9.3,1.0,2.4,.417,0.2,0.7,.278,0.8,1.7,.476,.458,0.4,0.5,.750,0.4,1.6,2.0,0.6,0.2,0.1,0.4,0.9,2.6
193,R.J. Hampton\hamptrj01,SG,19,ORL,11,1,22.5,3.8,8.5,.452,0.7,2.6,.276,3.1,5.8,.531,.495,1.0,1.8,.550,0.6,3.5,4.2,1.2,0.9,0.3,1.4,1.3,9.4
194,Tim Hardaway Jr.\hardati02,SG,28,DAL,54,20,28.4,5.6,12.7,.443,2.9,7.3,.389,2.8,5.4,.517,.555,1.8,2.3,.797,0.3,3.1,3.4,1.7,0.5,0.1,0.9,1.5,16.0
195,James Harden\hardeja01,PG-SG,31,TOT,42,42,37.1,8.0,17.2,.463,2.8,7.8,.358,5.2,9.4,.549,.544,6.5,7.5,.870,0.8,7.2,8.0,10.9,1.2,0.7,4.1,2.3,25.2
195,James Harden\hardeja01,SG,31,HOU,8,8,36.3,7.5,16.9,.444,3.1,9.0,.347,4.4,7.9,.556,.537,6.6,7.5,.883,0.6,4.5,5.1,10.4,0.9,0.8,4.3,1.8,24.8
195,James Harden\hardeja01,PG,31,BRK,34,34,37.3,8.1,17.3,.467,2.7,7.5,.361,5.4,9.8,.548,.545,6.5,7.5,.867,0.9,7.8,8.7,11.0,1.3,0.7,4.1,2.4,25.4
196,Maurice Harkless\harklma01,PF-SF,27,TOT,22,8,16.0,1.2,2.8,.419,0.5,1.9,.293,0.6,1.0,.667,.516,0.4,0.6,.692,0.1,1.5,1.7,1.0,0.5,0.5,0.4,2.0,3.3
196,Maurice Harkless\harklma01,SF,27,MIA,11,3,11.3,0.5,1.2,.385,0.5,1.0,.455,0.0,0.2,.000,.577,0.0,0.2,.000,0.2,1.0,1.2,0.6,0.2,0.4,0.3,1.3,1.4
196,Maurice Harkless\harklma01,PF,27,SAC,11,5,20.7,1.9,4.5,.429,0.6,2.7,.233,1.3,1.7,.737,.500,0.8,1.0,.818,0.1,2.1,2.2,1.4,0.7,0.5,0.5,2.6,5.3
197,Jared Harper\harpeja01,PG,23,NYK,4,0,2.3,0.0,0.5,.000,0.0,0.0,,0.0,0.5,.000,.000,0.5,0.5,1.000,0.0,0.0,0.0,0.0,0.0,0.0,0.5,0.0,0.5
198,Montrezl Harrell\harremo01,C,27,LAL,56,1,24.4,5.7,9.3,.617,0.0,0.2,.000,5.7,9.1,.629,.617,2.7,3.8,.710,2.4,4.2,6.7,1.1,0.7,0.8,1.1,1.9,14.2
199,Gary Harris\harriga01,SG,26,TOT,23,22,29.7,3.5,8.4,.415,1.2,3.7,.326,2.3,4.7,.486,.487,1.5,1.9,.795,0.7,1.7,2.3,2.0,0.9,0.3,0.9,1.9,9.7
199,Gary Harris\harriga01,SG,26,DEN,19,19,30.6,3.6,8.2,.442,1.3,3.9,.320,2.4,4.3,.556,.519,1.2,1.6,.733,0.7,1.8,2.5,1.7,0.9,0.2,0.7,1.9,9.7
199,Gary Harris\harriga01,SG,26,ORL,4,3,25.5,2.8,9.3,.297,1.0,2.8,.364,1.8,6.5,.269,.351,3.3,3.5,.929,0.5,1.0,1.5,3.3,0.8,0.8,1.8,1.5,9.8
200,Jalen Harris\harrija01,SG,22,TOR,4,0,3.5,0.3,1.0,.250,0.3,0.5,.500,0.0,0.5,.000,.375,0.0,0.0,,0.3,0.5,0.8,0.5,0.3,0.0,0.3,0.5,0.8
201,Joe Harris\harrijo01,SF,29,BRK,56,52,30.7,5.2,10.1,.514,3.2,6.5,.484,2.1,3.6,.569,.670,0.7,0.9,.769,0.6,3.0,3.6,1.8,0.7,0.2,0.8,2.0,14.3
202,Tobias Harris\harrito02,PF,28,PHI,49,49,33.3,7.9,15.2,.521,1.4,3.5,.407,6.5,11.7,.555,.568,3.2,3.6,.886,1.0,6.2,7.2,3.6,0.9,0.9,1.9,2.0,20.5
203,Shaquille Harrison\harrish01,SG,27,TOT,18,0,3.3,0.4,1.2,.318,0.0,0.1,.000,0.4,1.1,.350,.318,0.3,0.3,.833,0.2,0.3,0.5,0.5,0.1,0.0,0.3,0.2,1.1
203,Shaquille Harrison\harrish01,SG,27,UTA,17,0,3.3,0.4,1.2,.300,0.0,0.1,.000,0.4,1.1,.333,.300,0.3,0.4,.833,0.2,0.4,0.5,0.5,0.1,0.0,0.3,0.2,1.0
203,Shaquille Harrison\harrish01,G,27,DEN,1,0,3.0,1.0,2.0,.500,0.0,0.0,,1.0,2.0,.500,.500,0.0,0.0,,0.0,0.0,0.0,0.0,0.0,0.0,0.0,1.0,2.0
204,Josh Hart\hartjo01,SF,25,NOP,47,4,28.7,3.2,7.3,.439,1.3,4.1,.326,1.9,3.2,.583,.531,1.5,1.9,.775,1.1,6.9,8.0,2.3,0.8,0.3,1.0,2.4,9.2
205,Isaiah Hartenstein\harteis01,C,22,TOT,39,2,11.6,1.8,3.4,.550,0.1,0.1,.400,1.8,3.2,.556,.557,1.0,1.6,.619,1.4,2.5,3.9,1.0,0.4,0.9,0.9,2.2,4.7
205,Isaiah Hartenstein\harteis01,C,22,DEN,30,0,9.1,1.4,2.7,.513,0.0,0.0,,1.4,2.7,.513,.513,0.7,1.2,.611,1.3,1.5,2.8,0.5,0.4,0.7,0.7,2.0,3.5
205,Isaiah Hartenstein\harteis01,C,22,CLE,9,2,20.1,3.4,5.7,.608,0.2,0.6,.400,3.2,5.1,.630,.627,1.9,3.0,.630,1.7,5.9,7.6,2.8,0.4,1.6,1.6,3.0,9.0
206,Jaxson Hayes\hayesja02,C,20,NOP,44,3,14.8,2.5,3.8,.657,0.1,0.1,.500,2.4,3.6,.663,.666,1.3,1.7,.757,1.3,2.5,3.8,0.6,0.4,0.5,0.7,1.8,6.3
207,Killian Hayes\hayeski01,PG,19,DET,13,8,21.7,2.2,6.8,.326,0.6,2.5,.250,1.6,4.4,.368,.371,0.4,0.5,.833,0.2,2.0,2.2,3.9,1.0,0.4,2.3,1.8,5.5
208,Gordon Hayward\haywago01,SF,30,CHO,44,44,34.0,7.1,15.0,.473,1.9,4.7,.415,5.1,10.3,.499,.537,3.5,4.2,.843,0.8,5.0,5.9,4.1,1.2,0.3,2.1,1.7,19.6
209,Juan Hernangómez\hernaju01,PF,25,MIN,38,6,16.5,2.3,5.3,.443,0.9,2.9,.330,1.4,2.4,.576,.532,1.2,1.7,.682,0.9,3.2,4.1,0.6,0.4,0.1,0.4,0.9,6.8
210,Willy Hernangómez\hernawi01,C,26,NOP,33,2,15.8,2.7,5.1,.539,0.0,0.2,.125,2.7,4.8,.560,.542,0.9,1.5,.604,2.4,4.0,6.4,0.9,0.3,0.5,0.5,1.1,6.4
211,Tyler Herro\herroty01,SG,21,MIA,45,14,31.2,5.6,13.1,.425,1.8,5.5,.329,3.8,7.6,.494,.494,2.0,2.4,.815,0.5,4.4,4.9,3.4,0.7,0.4,2.0,1.3,14.9
212,Buddy Hield\hieldbu01,SG,28,SAC,55,55,34.5,5.7,14.2,.401,4.0,10.5,.385,1.7,3.7,.447,.543,1.3,1.5,.833,0.4,4.1,4.5,3.1,0.8,0.4,1.8,2.6,16.7
213,George Hill\hillge01,PG,34,OKC,14,14,26.4,4.4,8.6,.508,1.6,4.1,.386,2.8,4.5,.619,.600,1.5,1.8,.840,0.6,1.5,2.1,3.1,0.9,0.1,0.9,0.9,11.8
214,Solomon Hill\hillso01,PF,29,ATL,55,10,20.5,1.6,4.3,.374,1.1,3.2,.341,0.5,1.1,.468,.500,0.4,0.5,.767,0.6,2.1,2.7,1.0,0.7,0.2,0.6,1.6,4.7
215,Nate Hinton\hintona01,SG,21,DAL,14,0,3.4,0.6,1.4,.400,0.1,0.4,.167,0.5,1.0,.500,.425,0.3,0.4,.667,0.1,0.3,0.4,0.3,0.3,0.1,0.3,0.2,1.5
216,Jaylen Hoard\hoardja01,SF,21,OKC,7,0,19.3,2.1,5.1,.417,0.0,0.7,.000,2.1,4.4,.484,.417,2.1,2.7,.789,1.4,1.9,3.3,1.0,0.7,0.1,1.7,1.4,6.4
217,Aaron Holiday\holidaa01,PG,24,IND,53,6,17.5,2.7,6.7,.395,1.1,2.9,.373,1.6,3.8,.412,.475,0.9,1.1,.783,0.2,1.1,1.2,1.6,0.6,0.2,0.9,1.6,7.3
218,Jrue Holiday\holidjr01,PG,30,MIL,43,40,31.6,6.8,13.5,.506,1.9,4.7,.401,5.0,8.8,.562,.576,1.6,2.0,.824,1.3,3.3,4.5,5.4,1.7,0.5,2.1,1.7,17.2
219,Justin Holiday\holidju01,SG,31,IND,55,46,31.3,3.7,8.9,.411,2.4,6.5,.375,1.3,2.5,.507,.547,0.9,1.2,.788,0.5,3.1,3.6,1.6,1.2,0.4,0.8,1.9,10.7
220,Rondae Hollis-Jefferson\holliro01,PF,26,POR,2,0,6.0,0.5,1.0,.500,0.0,0.5,.000,0.5,0.5,1.000,.500,1.0,2.0,.500,0.0,0.5,0.5,1.5,0.5,0.0,0.5,2.5,2.0
221,Richaun Holmes\holmeri01,C,27,SAC,50,50,30.0,5.9,9.3,.641,0.0,0.2,.200,5.9,9.1,.651,.644,2.2,2.8,.797,2.6,6.4,8.9,1.7,0.7,1.6,1.2,3.6,14.1
222,Rodney Hood\hoodro01,SF,28,TOT,47,5,18.6,1.9,5.3,.364,0.7,2.3,.306,1.2,3.0,.410,.431,0.4,0.4,.810,0.4,1.5,1.9,1.1,0.4,0.1,0.7,1.5,4.9
222,Rodney Hood\hoodro01,SF,28,POR,38,5,19.1,1.9,5.3,.363,0.7,2.2,.298,1.3,3.1,.410,.425,0.2,0.3,.750,0.5,1.4,1.9,1.2,0.5,0.1,0.8,1.6,4.7
222,Rodney Hood\hoodro01,SF,28,TOR,9,0,16.7,1.9,5.1,.370,0.9,2.7,.333,1.0,2.4,.409,.457,0.9,1.0,.889,0.3,1.7,2.0,0.4,0.1,0.2,0.4,1.2,5.6
223,Al Horford\horfoal01,C,34,OKC,28,28,27.9,5.8,12.9,.450,2.0,5.4,.368,3.8,7.4,.510,.528,0.6,0.8,.818,1.0,5.7,6.7,3.4,0.9,0.9,1.0,1.7,14.2
224,Talen Horton-Tucker\hortota01,SG,20,LAL,51,3,19.6,3.4,7.6,.438,0.5,2.1,.262,2.8,5.5,.505,.474,1.4,1.7,.820,0.4,2.3,2.7,2.6,1.0,0.4,1.5,2.0,8.7
225,Danuel House\houseda01,SF,27,HOU,31,21,27.2,3.2,7.9,.406,1.6,4.5,.360,1.6,3.4,.467,.508,1.3,1.9,.661,0.6,3.3,3.9,1.9,0.6,0.5,1.0,2.0,9.3
226,Dwight Howard\howardw01,C,35,PHI,54,5,17.4,2.5,4.3,.583,0.1,0.3,.250,2.4,4.0,.607,.591,1.8,3.0,.579,2.6,5.6,8.3,0.7,0.4,0.9,1.8,3.0,6.8
227,Markus Howard\howarma02,SG,21,DEN,27,0,3.3,0.4,1.7,.239,0.2,1.2,.156,0.2,0.5,.429,.293,0.0,0.1,.500,0.0,0.4,0.4,0.4,0.1,0.0,0.2,0.5,1.0
228,Kevin Huerter\huertke01,SG,22,ATL,56,41,30.9,4.5,10.6,.427,2.0,5.6,.364,2.5,5.0,.498,.524,0.8,0.9,.827,0.6,2.7,3.3,3.6,1.1,0.2,1.2,2.4,11.8
229,Elijah Hughes\hugheel01,SF,22,UTA,11,0,3.5,0.7,1.7,.421,0.5,1.3,.429,0.2,0.5,.400,.579,0.3,0.4,.750,0.0,0.6,0.6,0.4,0.1,0.1,0.5,0.0,2.3
230,De'Andre Hunter\huntede01,SF,23,ATL,20,18,31.3,5.6,11.2,.502,1.6,4.4,.356,4.1,6.8,.596,.572,3.3,3.8,.867,0.8,4.3,5.1,2.1,0.9,0.5,1.4,2.7,16.0
231,Chandler Hutchison\hutchch01,SF,24,TOT,13,0,13.5,1.4,4.2,.333,0.2,1.0,.231,1.2,3.2,.366,.361,0.7,0.8,.818,0.3,3.0,3.3,0.7,0.3,0.0,1.1,1.3,3.7
231,Chandler Hutchison\hutchch01,SF,24,CHI,7,0,9.1,0.7,2.6,.278,0.1,0.4,.333,0.6,2.1,.267,.306,0.3,0.3,1.000,0.1,2.7,2.9,0.6,0.1,0.0,0.7,1.3,1.9
231,Chandler Hutchison\hutchch01,SF,24,WAS,6,0,18.7,2.2,6.0,.361,0.3,1.7,.200,1.8,4.3,.423,.389,1.2,1.5,.778,0.5,3.3,3.8,0.8,0.5,0.0,1.5,1.3,5.8
232,Serge Ibaka\ibakase01,C,31,LAC,39,39,23.6,4.5,8.9,.507,1.0,2.8,.352,3.5,6.1,.577,.562,0.9,1.2,.822,1.7,4.9,6.7,1.7,0.2,1.2,1.1,1.9,10.9
233,Andre Iguodala\iguodan01,SF,37,MIA,50,2,21.2,1.5,4.0,.373,1.0,3.1,.320,0.5,1.0,.542,.495,0.4,0.7,.636,0.6,3.1,3.7,2.0,1.0,0.5,1.0,1.4,4.4
234,Ersan İlyasova\ilyaser01,PF,33,UTA,8,0,6.4,0.6,2.3,.278,0.5,1.9,.267,0.1,0.4,.333,.389,0.4,0.4,1.000,0.4,0.9,1.3,0.3,0.3,0.0,0.4,1.3,2.1
235,Joe Ingles\inglejo01,SF,33,UTA,51,14,26.8,4.1,7.8,.520,2.7,5.6,.486,1.4,2.2,.605,.693,1.1,1.3,.864,0.4,3.2,3.7,4.2,0.7,0.2,1.6,1.9,11.9
236,Brandon Ingram\ingrabr01,SF,23,NOP,51,51,34.6,8.5,18.2,.469,2.4,6.3,.384,6.1,11.9,.514,.535,4.7,5.3,.886,0.6,4.4,5.0,4.8,0.7,0.7,2.5,2.0,24.3
237,Kyrie Irving\irvinky01,PG,28,BRK,40,40,35.1,10.6,20.5,.515,2.7,6.9,.395,7.8,13.6,.576,.582,3.7,4.0,.913,1.1,3.7,4.8,6.1,1.3,0.6,2.3,2.7,27.5
238,Wesley Iwundu\iwundwe01,SF,26,TOT,32,4,13.3,0.9,2.5,.350,0.2,1.1,.139,0.7,1.4,.523,.381,0.7,0.8,.852,0.3,1.8,2.2,0.4,0.4,0.1,0.5,1.3,2.6
238,Wesley Iwundu\iwundwe01,SF,26,DAL,23,3,12.5,0.7,2.3,.327,0.1,1.0,.130,0.6,1.3,.483,.356,0.5,0.6,.857,0.3,1.7,1.9,0.4,0.4,0.1,0.3,1.1,2.1
238,Wesley Iwundu\iwundwe01,SF,26,NOP,9,1,15.3,1.2,3.1,.393,0.2,1.4,.154,1.0,1.7,.600,.429,1.2,1.4,.846,0.4,2.3,2.8,0.4,0.4,0.1,1.1,1.6,3.9
239,Frank Jackson\jacksfr01,PG,22,DET,27,4,15.1,2.5,5.7,.438,1.3,3.1,.405,1.2,2.6,.478,.549,1.4,1.7,.822,0.4,1.4,1.8,0.6,0.3,0.0,0.9,1.1,7.6
240,Josh Jackson\jacksjo02,SG,23,DET,51,16,24.6,4.8,11.3,.428,1.3,4.0,.319,3.5,7.3,.488,.484,2.4,3.3,.726,0.9,3.2,4.2,2.1,0.9,0.7,2.2,2.9,13.3
241,Justin Jackson\jacksju01,SF,25,OKC,33,3,16.5,2.6,6.4,.406,1.0,3.4,.306,1.6,3.1,.515,.486,0.9,1.1,.857,0.4,1.7,2.2,1.5,0.5,0.1,0.9,0.9,7.2
242,Reggie Jackson\jacksre01,SG,30,LAC,55,33,22.6,3.8,8.4,.456,1.7,3.9,.429,2.2,4.5,.478,.554,1.1,1.3,.795,0.3,2.5,2.9,3.1,0.6,0.1,1.1,2.0,10.3
243,Justin James\jamesju01,SF,24,SAC,25,0,6.0,0.7,1.7,.429,0.2,0.7,.294,0.5,1.0,.520,.488,0.2,0.5,.417,0.1,0.3,0.4,0.6,0.1,0.0,0.2,0.4,1.8
244,LeBron James\jamesle01,PG,36,LAL,41,41,33.9,9.5,18.4,.513,2.4,6.5,.368,7.1,12.0,.592,.578,4.1,5.8,.703,0.6,7.3,7.9,7.9,1.0,0.6,3.7,1.6,25.4
245,DaQuan Jeffries\jeffrda01,SG,23,TOT,20,2,12.3,1.3,3.0,.417,0.5,1.5,.300,0.8,1.5,.533,.492,0.3,0.4,.857,0.5,1.0,1.5,0.4,0.4,0.3,0.4,1.2,3.3
245,DaQuan Jeffries\jeffrda01,SG,23,SAC,18,2,12.9,1.3,3.2,.421,0.5,1.6,.321,0.8,1.6,.517,.500,0.3,0.4,.857,0.5,1.1,1.6,0.3,0.4,0.2,0.4,1.3,3.5
245,DaQuan Jeffries\jeffrda01,SG,23,HOU,2,0,6.5,0.5,1.5,.333,0.0,1.0,.000,0.5,0.5,1.000,.333,0.0,0.0,,0.0,0.0,0.0,1.0,0.0,1.0,0.0,0.0,1.0
246,Ty Jerome\jeromty01,SG,23,OKC,23,1,24.8,3.6,8.6,.421,2.0,5.2,.392,1.6,3.3,.468,.541,0.7,1.0,.696,0.4,2.4,2.9,3.5,0.5,0.2,1.3,2.0,10.0
247,Isaiah Joe\joeis01,SG,21,PHI,29,1,9.8,1.1,3.3,.337,0.9,2.6,.333,0.2,0.7,.350,.468,0.3,0.3,.889,0.2,0.8,1.0,0.6,0.3,0.1,0.2,0.9,3.3
248,Alize Johnson\johnsal02,PF,24,BRK,9,0,11.6,3.2,5.0,.644,0.0,0.3,.000,3.2,4.7,.690,.644,0.3,0.3,1.000,1.8,3.3,5.1,0.7,0.4,0.2,0.6,0.9,6.8
249,Cameron Johnson\johnsca02,PF,24,PHO,49,9,23.3,3.5,7.8,.446,2.1,5.4,.386,1.4,2.4,.581,.580,0.8,1.0,.872,0.5,2.7,3.3,1.4,0.6,0.3,0.8,1.4,9.9
250,James Johnson\johnsja01,PF,33,TOT,39,6,20.0,2.7,6.0,.455,0.6,2.4,.269,2.1,3.6,.579,.509,0.9,1.4,.642,0.5,2.6,3.2,2.0,0.9,0.9,1.1,2.3,6.9
250,James Johnson\johnsja01,PF,33,DAL,29,1,17.4,2.3,5.0,.462,0.5,2.1,.250,1.8,2.9,.612,.514,0.6,1.0,.586,0.5,2.5,3.0,1.7,0.8,0.8,0.9,2.0,5.7
250,James Johnson\johnsja01,PF,33,NOP,10,5,27.6,3.9,8.8,.443,1.0,3.3,.303,2.9,5.5,.527,.500,1.7,2.4,.708,0.7,3.1,3.8,2.9,1.0,1.3,1.6,3.0,10.5
251,Keldon Johnson\johnske04,SF,21,SAS,51,49,28.5,4.9,10.2,.478,0.9,2.6,.331,4.0,7.6,.528,.520,2.1,2.9,.735,1.5,5.0,6.5,1.8,0.5,0.5,1.1,2.1,12.7
252,Stanley Johnson\johnsst04,PF,24,TOR,49,6,14.6,1.1,2.8,.399,0.6,1.7,.354,0.5,1.1,.464,.504,0.4,0.5,.792,0.4,1.9,2.3,1.2,0.7,0.3,0.7,1.8,3.2
253,Tyler Johnson\johnsty01,SG,28,BRK,31,2,16.8,1.8,4.6,.394,1.2,3.3,.376,0.6,1.3,.439,.528,0.5,0.6,.842,0.2,1.7,1.9,0.9,0.4,0.0,0.4,1.0,5.4
254,Nikola Jokić\jokicni01,C,25,DEN,56,56,35.2,10.2,18.1,.567,1.4,3.3,.422,8.8,14.8,.599,.605,4.2,4.9,.855,2.9,8.1,11.0,8.8,1.5,0.6,3.1,2.7,26.1
255,Damian Jones\jonesda03,C,25,TOT,25,8,9.8,1.1,1.6,.692,0.0,0.0,.000,1.1,1.5,.711,.692,0.7,1.0,.692,0.7,1.4,2.0,0.3,0.2,0.5,0.5,1.8,2.9
255,Damian Jones\jonesda03,C,25,PHO,14,0,6.7,0.6,1.1,.500,0.0,0.1,.000,0.6,1.1,.533,.500,0.4,0.8,.545,0.5,0.8,1.3,0.3,0.1,0.4,0.4,1.4,1.6
255,Damian Jones\jonesda03,C,25,LAL,8,6,14.0,2.0,2.1,.941,0.0,0.0,,2.0,2.1,.941,.941,1.4,1.5,.917,1.0,2.3,3.3,0.1,0.1,0.9,0.6,2.8,5.4
255,Damian Jones\jonesda03,C,25,SAC,3,2,13.3,1.0,2.0,.500,0.0,0.0,,1.0,2.0,.500,.500,0.3,1.0,.333,0.7,1.7,2.3,0.7,1.0,0.3,0.7,1.7,2.3
256,Derrick Jones Jr.\jonesde02,SF,23,POR,50,41,24.4,2.7,5.6,.486,0.8,2.6,.328,1.9,3.1,.617,.560,1.0,1.6,.634,1.5,2.5,4.0,0.8,0.7,1.0,0.6,2.3,7.4
257,Mason Jones\jonesma05,SG,22,TOT,30,1,10.7,1.7,4.0,.425,0.8,2.2,.364,0.9,1.8,.500,.525,1.2,1.9,.614,0.2,1.6,1.8,1.4,0.2,0.0,0.9,0.7,5.4
257,Mason Jones\jonesma05,SG,22,HOU,26,1,11.8,1.8,4.4,.412,0.9,2.5,.359,0.9,1.9,.480,.513,1.3,2.2,.614,0.2,1.8,2.0,1.5,0.2,0.0,1.1,0.8,5.8
257,Mason Jones\jonesma05,SG,22,PHI,4,0,3.8,1.0,1.5,.667,0.3,0.5,.500,0.8,1.0,.750,.750,0.0,0.0,,0.5,0.3,0.8,0.5,0.0,0.0,0.0,0.0,2.3
258,Tre Jones\jonestr01,PG,21,SAS,25,0,4.7,0.8,1.6,.475,0.0,0.0,1.000,0.7,1.6,.462,.488,0.2,0.2,1.000,0.2,0.2,0.4,0.6,0.2,0.0,0.4,0.2,1.8
259,Tyus Jones\jonesty01,PG,24,MEM,54,8,19.1,2.9,6.5,.440,0.7,2.2,.322,2.2,4.3,.500,.494,0.6,0.6,.914,0.4,1.9,2.2,4.1,1.1,0.1,0.7,0.4,7.0
260,DeAndre Jordan\jordade01,C,32,BRK,49,38,22.2,3.5,4.5,.781,0.0,0.0,.000,3.5,4.4,.784,.781,0.7,1.4,.500,1.9,5.3,7.3,1.7,0.3,1.2,1.5,2.1,7.7
261,Cory Joseph\josepco01,PG,29,TOT,56,6,22.1,2.9,6.3,.460,0.6,2.0,.324,2.2,4.3,.523,.511,1.1,1.4,.818,0.6,1.9,2.4,3.2,0.9,0.3,1.2,2.2,7.5
261,Cory Joseph\josepco01,PG,29,SAC,44,2,21.5,2.5,5.7,.444,0.7,2.1,.330,1.8,3.5,.513,.506,0.8,1.1,.766,0.6,1.7,2.3,2.5,0.9,0.2,1.0,2.2,6.6
261,Cory Joseph\josepco01,PG,29,DET,12,4,24.7,4.2,8.3,.500,0.4,1.4,.294,3.8,6.9,.542,.525,2.3,2.5,.900,0.5,2.7,3.2,5.8,1.2,0.4,1.8,2.1,11.0
262,Mfiondu Kabengele\kabenmf01,PF,23,TOT,26,0,4.4,0.4,1.4,.306,0.2,0.8,.238,0.2,0.6,.400,.375,0.2,0.2,.833,0.0,0.7,0.7,0.2,0.2,0.1,0.3,0.8,1.2
262,Mfiondu Kabengele\kabenmf01,PF,23,LAC,23,0,4.1,0.4,1.4,.281,0.2,0.8,.222,0.2,0.6,.357,.344,0.2,0.3,.833,0.0,0.6,0.6,0.2,0.1,0.1,0.3,0.8,1.2
262,Mfiondu Kabengele\kabenmf01,PF,23,CLE,3,0,7.0,0.7,1.3,.500,0.3,1.0,.333,0.3,0.3,1.000,.625,0.0,0.0,,0.0,1.7,1.7,0.3,0.7,0.0,0.3,1.3,1.7
263,Frank Kaminsky\kaminfr01,C,27,PHO,33,13,14.8,2.5,5.3,.469,0.8,1.9,.406,1.7,3.4,.505,.543,0.7,1.1,.629,0.7,2.9,3.6,1.6,0.3,0.4,0.5,1.3,6.4
264,Enes Kanter\kanteen01,C,28,POR,55,34,26.5,5.0,8.3,.608,0.0,0.0,.000,5.0,8.2,.609,.608,2.0,2.5,.790,4.3,7.6,11.9,1.3,0.5,0.7,1.3,2.5,12.0
265,Luke Kennard\kennalu01,SG,24,LAC,52,14,19.6,3.0,6.3,.477,1.6,3.4,.460,1.5,2.9,.497,.600,0.4,0.5,.846,0.3,2.5,2.7,1.7,0.3,0.2,0.8,1.5,8.0
266,Maxi Kleber\klebima01,PF,29,DAL,40,34,28.1,2.4,5.6,.429,1.8,4.3,.422,0.6,1.3,.451,.592,0.8,0.9,.914,0.9,4.5,5.4,1.3,0.6,0.8,0.7,2.3,7.4
267,Nathan Knight\knighna01,PF,23,ATL,25,0,8.4,1.1,3.0,.360,0.2,1.0,.208,0.9,2.0,.431,.393,1.3,1.6,.805,0.8,1.2,2.0,0.2,0.3,0.3,0.6,0.7,3.7
268,Kevin Knox\knoxke01,SF,21,NYK,35,0,12.5,1.5,3.8,.403,1.0,2.4,.405,0.6,1.4,.400,.530,0.4,0.5,.778,0.3,1.3,1.6,0.5,0.3,0.2,0.5,1.0,4.5
269,John Konchar\konchjo01,SG,24,MEM,31,0,14.0,1.4,3.0,.452,0.4,1.2,.361,0.9,1.8,.509,.522,0.6,0.8,.833,0.8,2.2,2.9,1.1,0.8,0.2,0.5,1.0,3.8
270,Furkan Korkmaz\korkmfu01,SG,23,PHI,45,7,19.6,3.2,7.8,.406,1.8,4.9,.376,1.3,2.9,.458,.524,1.2,1.7,.724,0.3,1.8,2.1,1.3,1.0,0.2,0.9,1.2,9.4
271,Luke Kornet\kornelu01,PF-C,25,TOT,20,0,9.9,1.1,2.9,.379,0.7,2.1,.310,0.5,0.8,.563,.491,0.1,0.3,.400,0.3,1.7,2.0,0.7,0.1,0.9,0.2,0.5,3.0
271,Luke Kornet\kornelu01,PF,25,CHI,13,0,7.2,0.7,2.1,.333,0.5,1.8,.261,0.2,0.3,.750,.444,0.2,0.3,.500,0.1,1.1,1.2,0.3,0.2,0.5,0.1,0.1,2.0
271,Luke Kornet\kornelu01,C,25,BOS,7,0,14.7,1.9,4.4,.419,1.0,2.7,.368,0.9,1.7,.500,.532,0.0,0.1,.000,0.7,2.7,3.4,1.3,0.0,1.6,0.3,1.1,4.7
272,Rodions Kurucs\kurucro01,SF-PF,22,TOT,19,0,6.3,0.6,1.6,.355,0.3,1.1,.300,0.3,0.6,.455,.452,0.1,0.1,.500,0.3,0.9,1.2,0.5,0.5,0.2,0.6,0.7,1.5
272,Rodions Kurucs\kurucro01,PF,22,BRK,5,0,3.2,0.2,0.6,.333,0.2,0.4,.500,0.0,0.2,.000,.500,0.0,0.0,,0.0,0.6,0.6,0.4,0.0,0.0,0.0,0.2,0.6
272,Rodions Kurucs\kurucro01,SF,22,HOU,11,0,6.8,0.5,1.9,.238,0.2,1.4,.133,0.3,0.5,.500,.286,0.1,0.2,.500,0.2,0.8,1.0,0.4,0.5,0.4,0.8,0.6,1.2
272,Rodions Kurucs\kurucro01,SF,22,MIL,3,0,9.3,1.7,2.3,.714,1.0,1.0,1.000,0.7,1.3,.500,.929,0.0,0.0,,1.0,2.0,3.0,1.3,1.0,0.0,1.0,1.7,4.3
273,Kyle Kuzma\kuzmaky01,SF,25,LAL,53,23,28.2,4.9,11.5,.430,2.0,5.8,.346,2.9,5.6,.517,.518,1.0,1.4,.671,1.8,4.8,6.6,1.6,0.5,0.6,1.8,1.7,12.8
274,Anthony Lamb\lamban01,SF,23,HOU,11,0,11.5,0.6,3.3,.194,0.3,1.8,.150,0.4,1.5,.250,.236,0.5,0.5,.833,1.2,1.5,2.6,0.3,0.1,0.1,0.3,1.3,2.0
275,Jeremy Lamb\lambje01,SG,28,IND,35,8,21.4,3.3,7.6,.438,1.5,3.6,.413,1.9,4.0,.461,.536,2.0,2.1,.946,0.7,2.9,3.6,1.4,1.0,0.6,0.6,2.0,10.2
276,Romeo Langford\langfro01,SG,21,BOS,7,1,13.9,1.0,3.0,.333,0.4,1.0,.429,0.6,2.0,.286,.405,0.4,0.4,1.000,1.0,1.4,2.4,0.6,0.3,0.1,0.4,0.9,2.9
277,Zach LaVine\lavinza01,SG,25,CHI,53,53,35.2,9.8,19.4,.506,3.4,8.2,.416,6.4,11.2,.572,.594,4.4,5.2,.848,0.6,4.5,5.1,5.1,0.8,0.5,3.6,2.3,27.5
278,Jake Layman\laymaja01,SF,26,MIN,41,11,14.6,2.1,4.2,.494,0.5,1.8,.288,1.6,2.5,.644,.555,0.6,0.9,.703,0.3,1.2,1.6,0.7,0.7,0.4,0.6,1.0,5.3
279,Jalen Lecque\lecquja01,PG,20,IND,4,0,3.0,0.3,2.3,.111,0.0,0.3,.000,0.3,2.0,.125,.111,0.8,0.8,1.000,0.5,0.8,1.3,0.5,0.0,0.0,0.0,0.0,1.3
280,Damion Lee\leeda03,SG,28,GSW,55,1,18.8,2.2,4.9,.457,1.4,3.5,.391,0.9,1.4,.627,.597,0.7,0.8,.909,0.4,2.7,3.1,1.3,0.7,0.1,0.5,1.6,6.5
281,Saben Lee\leesa01,PG,21,DET,33,7,15.5,2.0,4.2,.468,0.2,0.5,.438,1.8,3.7,.472,.493,1.5,2.2,.667,0.5,1.5,1.9,3.3,0.7,0.3,1.0,1.5,5.6
282,Alex Len\lenal01,C,27,TOT,47,25,15.6,2.7,4.4,.615,0.1,0.5,.304,2.5,3.9,.654,.632,1.1,1.9,.596,1.0,2.9,3.9,0.9,0.3,1.1,0.9,2.0,6.6
282,Alex Len\lenal01,C,27,TOR,7,2,10.9,0.7,1.4,.500,0.4,0.9,.500,0.3,0.6,.500,.650,0.4,0.9,.500,0.0,1.6,1.6,0.4,0.1,0.9,1.1,1.4,2.3
282,Alex Len\lenal01,C,27,WAS,40,23,16.5,3.0,4.9,.621,0.1,0.4,.235,2.9,4.5,.657,.631,1.3,2.1,.602,1.2,3.1,4.4,0.9,0.3,1.1,0.9,2.1,7.4
283,Kawhi Leonard\leonaka01,SF,29,LAC,45,45,34.6,9.4,18.3,.515,2.0,5.0,.395,7.5,13.4,.560,.568,5.1,5.8,.878,1.2,5.4,6.6,5.0,1.7,0.4,2.0,1.7,26.0
284,Meyers Leonard\leoname01,C,28,MIA,3,2,9.7,1.0,2.3,.429,1.0,2.3,.429,0.0,0.0,,.643,0.3,0.7,.500,0.0,2.3,2.3,0.7,0.0,0.0,0.7,1.7,3.3
285,Caris LeVert\leverca01,SG,26,TOT,31,23,30.9,7.1,16.3,.433,1.8,5.6,.316,5.3,10.7,.494,.487,2.6,3.2,.808,0.8,3.8,4.6,4.9,1.4,0.5,2.0,2.0,18.5
285,Caris LeVert\leverca01,SG,26,BRK,12,4,27.8,7.3,16.7,.435,1.8,5.3,.349,5.4,11.4,.474,.490,2.2,2.8,.765,0.8,3.5,4.3,6.0,1.1,0.5,2.2,1.7,18.5
285,Caris LeVert\leverca01,SG,26,IND,19,19,32.8,6.9,16.1,.431,1.7,5.8,.297,5.2,10.3,.508,.485,2.8,3.4,.831,0.7,4.0,4.7,4.2,1.6,0.5,1.9,2.2,18.5
286,Kira Lewis Jr.\lewiski01,PG,19,NOP,38,0,16.1,2.6,6.3,.408,0.7,2.2,.341,1.8,4.1,.442,.466,0.6,0.8,.774,0.2,1.0,1.2,2.3,0.8,0.2,0.6,1.6,6.5
287,Damian Lillard\lillada01,PG,30,POR,52,52,35.9,8.8,20.1,.440,4.1,10.8,.379,4.8,9.3,.510,.541,6.9,7.5,.925,0.5,3.7,4.2,7.7,0.9,0.3,3.2,1.6,28.7
288,Nassir Little\littlna01,PF,20,POR,36,2,14.0,1.8,3.7,.481,0.7,1.9,.377,1.1,1.8,.594,.579,0.9,1.1,.868,0.7,2.0,2.6,0.5,0.1,0.3,0.4,1.2,5.2
289,Kevon Looney\looneke01,C,24,GSW,45,18,16.4,1.6,2.9,.557,0.1,0.3,.286,1.5,2.6,.590,.573,0.5,0.7,.700,1.7,2.6,4.3,1.9,0.4,0.4,0.6,2.0,3.8
290,Brook Lopez\lopezbr01,C,32,MIL,54,54,27.2,4.3,8.8,.487,1.5,4.3,.345,2.8,4.5,.623,.571,1.6,1.9,.850,1.5,3.6,5.1,0.7,0.6,1.4,0.9,2.1,11.6
291,Robin Lopez\lopezro01,C,32,WAS,55,9,20.0,3.6,5.7,.629,0.1,0.3,.278,3.5,5.4,.650,.637,1.4,2.0,.700,2.1,1.9,4.0,0.8,0.3,0.6,1.1,1.7,8.7
292,Kevin Love\loveke01,PF,32,CLE,12,12,20.9,3.5,9.1,.385,2.1,5.9,.352,1.4,3.2,.447,.500,1.9,2.4,.793,0.8,5.1,5.9,2.2,0.6,0.2,1.3,1.2,11.0
293,Kyle Lowry\lowryky01,PG,34,TOR,40,40,34.6,5.6,12.9,.437,2.7,6.9,.391,2.9,6.0,.490,.542,3.1,3.6,.880,0.8,4.7,5.5,7.3,1.1,0.3,2.9,3.2,17.1
294,Timothé Luwawu-Cabarrot\luwawti01,SF,25,BRK,49,7,19.2,2.3,6.5,.360,1.4,4.4,.312,1.0,2.1,.461,.465,0.6,0.8,.789,0.5,1.9,2.4,1.2,0.6,0.1,0.8,1.8,6.6
295,Trey Lyles\lylestr01,PF,25,SAS,23,9,15.6,1.9,3.9,.478,0.6,1.7,.350,1.3,2.2,.580,.556,0.7,1.0,.652,0.4,3.3,3.7,0.6,0.3,0.0,0.3,0.6,5.0
296,Will Magnay\magnawi01,C,22,NOP,1,0,3.0,0.0,1.0,.000,0.0,1.0,.000,0.0,0.0,,.000,0.0,0.0,,0.0,0.0,0.0,0.0,0.0,0.0,1.0,1.0,0.0
297,Thon Maker\makerth01,C,23,CLE,8,0,9.5,1.3,2.3,.556,0.0,0.3,.000,1.3,2.0,.625,.556,1.3,1.4,.909,1.0,1.3,2.3,0.5,0.3,0.5,0.4,0.9,3.8
298,Théo Maledon\maledth01,PG,19,OKC,50,34,27.4,3.4,9.1,.370,1.6,4.8,.340,1.8,4.4,.402,.458,1.3,1.8,.719,0.4,3.0,3.4,3.4,0.9,0.1,2.1,2.2,9.7
299,Karim Mané\maneka01,PG,20,ORL,10,0,8.8,0.3,1.3,.231,0.1,0.2,.500,0.2,1.1,.182,.269,0.4,0.5,.800,0.1,1.3,1.4,0.4,0.0,0.2,0.3,1.0,1.1
300,Terance Mann\mannte01,SG,24,LAC,55,5,18.4,2.5,5.0,.495,0.5,1.2,.418,1.9,3.7,.519,.546,1.0,1.2,.779,0.9,2.9,3.7,1.6,0.5,0.2,0.6,1.9,6.4
301,Nico Mannion\mannini01,PG,19,GSW,22,1,13.3,1.5,4.3,.337,0.8,2.3,.360,0.6,2.0,.311,.432,0.9,1.1,.800,0.1,1.4,1.5,2.4,0.6,0.0,1.1,1.1,4.6
302,Boban Marjanović\marjabo01,C,32,DAL,24,3,9.0,2.0,4.3,.480,0.0,0.3,.000,2.0,4.0,.510,.480,0.8,1.1,.769,1.6,2.8,4.4,0.3,0.0,0.2,0.4,1.0,4.9
303,Lauri Markkanen\markkla01,PF,23,CHI,35,25,27.4,5.3,11.1,.478,2.3,6.0,.384,3.0,5.0,.591,.583,1.8,2.1,.840,0.7,4.7,5.5,1.0,0.4,0.3,1.1,1.5,14.7
304,Naji Marshall\marshna01,SF,23,NOP,16,4,16.9,1.5,4.0,.375,0.6,1.7,.333,0.9,2.3,.405,.445,1.8,2.4,.737,0.2,3.2,3.4,2.2,0.6,0.4,0.6,1.6,5.3
305,Caleb Martin\martica02,SF,25,CHO,41,2,14.8,1.8,4.9,.373,0.6,2.3,.266,1.2,2.6,.467,.435,0.7,1.1,.614,0.7,2.1,2.8,1.2,0.7,0.2,0.7,1.1,4.9
306,Cody Martin\martico01,SF,25,CHO,43,3,14.6,1.5,3.4,.442,0.3,1.1,.255,1.2,2.3,.530,.483,0.5,0.8,.571,0.8,1.7,2.6,1.4,0.6,0.2,0.7,0.9,3.8
307,Kelan Martin\martike03,SF,25,IND,19,0,5.2,0.7,1.8,.382,0.3,0.8,.313,0.4,0.9,.444,.456,0.2,0.2,1.000,0.2,0.8,1.1,0.2,0.3,0.1,0.3,0.5,1.8
308,Kenyon Martin Jr.\martike04,SF,20,HOU,29,0,19.2,2.6,5.0,.521,0.4,1.1,.364,2.2,3.8,.568,.563,1.1,1.5,.750,1.8,3.0,4.8,0.7,0.5,0.9,0.7,1.8,6.7
309,Frank Mason III\masonfr01,PG,26,ORL,4,1,19.8,2.3,6.0,.375,0.5,1.3,.400,1.8,4.8,.368,.417,1.3,1.8,.714,0.8,2.3,3.0,3.0,0.0,0.0,1.3,1.8,6.3
310,Garrison Mathews\mathega01,SG,24,WAS,49,22,18.0,1.7,4.0,.424,1.3,3.3,.405,0.4,0.7,.514,.591,1.3,1.5,.892,0.3,1.2,1.5,0.5,0.5,0.1,0.2,1.8,6.1
311,Dakota Mathias\mathida01,SG,25,PHI,8,2,15.4,2.4,6.0,.396,1.0,3.3,.308,1.4,2.8,.500,.479,0.3,0.8,.333,0.1,0.8,0.9,1.6,0.1,0.4,0.1,0.9,6.0
312,Wesley Matthews\matthwe02,SG,34,LAL,47,7,20.0,1.5,4.4,.340,1.1,3.5,.331,0.3,0.9,.372,.471,0.6,0.7,.857,0.3,1.3,1.6,1.0,0.7,0.3,0.4,1.5,4.8
313,Tyrese Maxey\maxeyty01,SG,20,PHI,47,6,14.1,2.9,6.5,.449,0.4,1.5,.282,2.5,5.0,.500,.482,0.7,0.8,.868,0.2,1.3,1.5,1.6,0.3,0.1,0.6,1.1,7.0
314,Skylar Mays\mayssk01,SG,23,ATL,26,0,7.6,1.1,2.7,.400,0.4,1.1,.345,0.7,1.6,.439,.471,0.7,0.8,.857,0.3,0.6,1.0,0.8,0.4,0.0,0.3,0.5,3.2
315,Patrick McCaw\mccawpa01,SF,25,TOR,5,0,6.6,0.2,0.2,1.000,0.0,0.0,,0.2,0.2,1.000,1.000,0.6,0.6,1.000,0.2,0.4,0.6,0.8,0.4,0.0,0.0,1.2,1.0
316,CJ McCollum\mccolcj01,SG,29,POR,30,30,33.3,8.6,19.3,.447,3.9,9.7,.400,4.8,9.6,.495,.547,2.3,2.7,.840,0.6,3.2,3.8,4.7,1.0,0.5,1.3,1.8,23.4
317,T.J. McConnell\mccontj01,PG,28,IND,52,2,25.5,3.7,6.6,.566,0.2,0.6,.323,3.5,6.0,.590,.581,0.4,0.7,.618,0.8,2.9,3.7,6.5,1.8,0.3,1.9,1.6,8.0
318,Jaden McDaniels\mcdanja02,PF,20,MIN,50,16,22.7,2.5,5.8,.435,1.1,3.1,.368,1.4,2.7,.511,.533,0.5,0.8,.590,0.8,2.8,3.6,1.1,0.5,1.0,0.7,2.6,6.7
319,Jalen McDaniels\mcdanja01,SF,23,CHO,30,7,15.1,2.4,5.0,.473,0.7,1.9,.351,1.7,3.1,.548,.540,0.8,1.1,.727,0.5,2.0,2.5,0.8,0.5,0.3,0.9,1.9,6.2
320,Doug McDermott\mcderdo01,PF,29,IND,51,19,24.4,5.1,9.8,.520,1.7,4.4,.381,3.5,5.5,.631,.605,1.2,1.4,.845,1.0,2.6,3.6,1.3,0.3,0.1,0.9,1.7,13.1
321,Sean McDermott\mcderse01,SF,24,MEM,16,0,9.6,0.8,2.1,.394,0.3,1.4,.227,0.5,0.7,.727,.470,0.5,0.5,1.000,0.4,0.8,1.2,0.3,0.1,0.2,0.3,0.5,2.4
322,JaVale McGee\mcgeeja01,C,33,TOT,37,1,14.7,3.2,6.2,.522,0.1,0.5,.250,3.1,5.6,.548,.533,1.0,1.6,.644,1.6,3.5,5.1,0.9,0.5,1.1,1.4,2.5,7.6
322,JaVale McGee\mcgeeja01,C,33,CLE,33,1,15.2,3.4,6.5,.521,0.2,0.6,.250,3.2,5.9,.549,.533,1.1,1.7,.655,1.6,3.5,5.2,1.0,0.5,1.2,1.4,2.4,8.0
322,JaVale McGee\mcgeeja01,C,33,DEN,4,0,10.0,1.8,3.3,.538,0.0,0.0,,1.8,3.3,.538,.538,0.5,1.0,.500,1.5,3.5,5.0,0.3,0.5,0.5,1.5,2.8,4.0
323,Rodney McGruder\mcgruro01,SG,29,DET,16,2,12.1,2.3,4.4,.529,0.7,1.5,.458,1.6,2.9,.565,.607,0.4,0.5,.750,0.5,0.9,1.4,1.0,0.5,0.1,0.4,0.8,5.7
324,Alfonzo McKinnie\mckinal01,SF,28,LAL,33,0,6.5,1.2,2.2,.528,0.4,1.0,.438,0.7,1.2,.600,.625,0.3,0.5,.529,0.5,0.9,1.3,0.2,0.2,0.0,0.1,0.6,3.0
325,Jordan McLaughlin\mclaujo01,PG,24,MIN,37,2,20.0,2.0,5.3,.383,0.6,1.8,.328,1.4,3.5,.411,.439,0.5,0.6,.750,0.5,1.7,2.2,4.2,1.1,0.2,1.1,0.9,5.1
326,Ben McLemore\mclembe01,SG,27,TOT,37,4,17.1,2.6,7.2,.370,1.8,5.3,.333,0.9,1.9,.471,.492,0.8,1.1,.750,0.4,1.7,2.1,0.9,0.6,0.1,0.9,1.7,7.9
326,Ben McLemore\mclembe01,SG,27,HOU,32,4,16.8,2.5,7.0,.357,1.7,5.2,.331,0.8,1.8,.431,.480,0.7,1.0,.719,0.3,1.7,2.1,0.9,0.6,0.1,0.9,1.6,7.4
326,Ben McLemore\mclembe01,SG,27,LAL,5,0,18.8,3.6,8.2,.439,2.0,5.8,.345,1.6,2.4,.667,.561,1.4,1.6,.875,0.6,1.4,2.0,0.8,0.2,0.0,0.8,2.6,10.6
327,Nicolò Melli\mellini01,PF,30,TOT,31,4,12.7,0.9,2.9,.297,0.4,1.8,.232,0.5,1.1,.400,.368,0.3,0.3,.900,0.6,2.1,2.7,1.0,0.4,0.1,0.3,1.5,2.5
327,Nicolò Melli\mellini01,PF,30,NOP,22,0,11.0,0.7,2.7,.254,0.3,1.7,.189,0.4,1.0,.364,.314,0.3,0.3,.857,0.5,2.0,2.6,1.1,0.4,0.0,0.3,1.3,2.0
327,Nicolò Melli\mellini01,PF,30,DAL,9,4,16.9,1.3,3.6,.375,0.7,2.1,.316,0.7,1.4,.462,.469,0.3,0.3,1.000,0.7,2.2,2.9,0.8,0.2,0.1,0.2,2.1,3.7
328,De'Anthony Melton\meltode01,PG,22,MEM,35,1,19.9,3.7,7.8,.480,1.8,4.0,.453,1.9,3.8,.507,.595,0.8,1.0,.771,0.7,2.5,3.2,2.7,1.2,0.5,1.2,1.7,10.1
329,Sam Merrill\merrisa01,SG,24,MIL,24,1,8.0,1.1,2.5,.458,0.8,1.6,.462,0.4,0.8,.450,.610,0.2,0.2,1.000,0.3,0.9,1.1,0.8,0.2,0.0,0.4,0.6,3.2
330,Chimezie Metu\metuch01,C,23,SAC,23,0,8.9,1.7,3.1,.563,0.1,0.3,.375,1.6,2.7,.587,.585,0.6,0.9,.650,0.9,1.6,2.5,0.7,0.2,0.5,0.6,1.4,4.2
331,Khris Middleton\middlkh01,SF,29,MIL,53,53,33.3,7.5,15.6,.481,2.2,5.1,.431,5.3,10.5,.504,.551,3.0,3.4,.890,0.8,5.3,6.1,5.5,1.1,0.2,2.8,2.4,20.2
332,Darius Miller\milleda01,SF,30,OKC,18,0,10.9,1.2,2.7,.458,0.9,2.3,.405,0.3,0.3,.833,.635,0.7,0.7,1.000,0.1,1.2,1.3,1.2,0.7,0.3,0.4,0.7,4.1
333,Patty Mills\millspa02,PG,32,SAS,53,0,25.6,4.1,9.7,.428,2.6,6.7,.388,1.5,3.0,.516,.562,1.1,1.2,.908,0.3,1.4,1.8,2.5,0.7,0.0,1.0,1.3,12.0
334,Paul Millsap\millspa01,PF,35,DEN,44,34,21.8,3.4,6.9,.487,1.0,2.6,.372,2.4,4.3,.555,.556,1.3,1.8,.714,1.4,3.4,4.8,1.6,0.8,0.7,0.9,2.1,8.9
335,Shake Milton\miltosh01,SG,24,PHI,48,2,24.0,5.0,10.9,.456,1.1,3.3,.338,3.9,7.6,.507,.507,2.5,3.0,.852,0.6,1.7,2.3,3.0,0.6,0.3,1.7,2.2,13.6
336,Donovan Mitchell\mitchdo01,PG,24,UTA,53,53,33.4,9.0,20.6,.438,3.4,8.7,.386,5.7,11.9,.476,.520,5.0,6.0,.845,0.9,3.5,4.4,5.2,1.0,0.3,2.8,2.2,26.4
337,Adam Mokoka\mokokad01,SG,22,CHI,9,0,5.2,0.7,1.7,.400,0.1,0.9,.125,0.6,0.8,.714,.433,0.0,0.0,,0.1,0.3,0.4,0.4,0.2,0.1,0.2,0.6,1.4
338,Malik Monk\monkma01,SG,22,CHO,32,0,21.7,4.6,10.1,.460,2.2,5.2,.424,2.4,4.9,.497,.568,1.7,2.0,.815,0.4,2.3,2.7,1.9,0.5,0.1,1.5,1.2,13.1
339,E'Twaun Moore\mooreet01,SG,31,PHO,24,1,14.5,1.8,4.3,.422,0.3,1.2,.276,1.5,3.0,.479,.461,0.3,0.4,.800,0.5,1.2,1.8,1.5,0.6,0.2,0.8,1.3,4.3
340,Ja Morant\moranja01,PG,21,MEM,46,46,31.9,6.7,15.1,.447,0.9,3.5,.270,5.8,11.6,.500,.478,4.4,5.9,.739,0.9,2.6,3.5,7.3,0.8,0.2,3.1,1.4,18.8
341,Juwan Morgan\morgaju01,PF,23,UTA,20,0,4.4,0.4,0.9,.412,0.2,0.6,.273,0.2,0.3,.667,.500,0.2,0.4,.429,0.3,0.5,0.8,0.2,0.2,0.0,0.1,0.7,1.0
342,Marcus Morris\morrima03,PF,31,LAC,45,17,26.1,4.8,10.1,.469,2.5,5.2,.474,2.3,4.9,.464,.591,1.2,1.4,.813,0.6,3.4,4.0,1.1,0.6,0.2,0.9,2.1,13.1
343,Markieff Morris\morrima02,PF,31,LAL,48,24,20.2,2.8,6.2,.445,1.3,3.5,.355,1.5,2.7,.562,.545,0.6,0.9,.732,0.8,3.8,4.6,1.1,0.3,0.3,0.9,1.9,7.4
344,Monte Morris\morrimo01,PG,25,DEN,44,13,26.2,4.0,8.3,.477,1.1,3.0,.377,2.8,5.3,.532,.544,1.3,1.6,.789,0.3,1.9,2.2,3.2,0.7,0.3,0.7,1.0,10.3
345,Mychal Mulder\muldemy01,PG,26,GSW,45,2,10.0,1.2,3.0,.409,1.0,2.6,.368,0.3,0.4,.650,.566,0.2,0.4,.579,0.0,0.8,0.8,0.4,0.2,0.2,0.2,0.7,3.7
346,Dejounte Murray\murrade01,PG,24,SAS,52,52,31.7,6.6,14.5,.452,1.0,3.1,.325,5.6,11.4,.487,.487,1.6,2.0,.808,0.7,6.2,6.9,5.3,1.6,0.1,1.7,2.1,15.7
347,Jamal Murray\murraja01,PG,23,DEN,48,48,35.5,7.9,16.5,.477,2.7,6.6,.408,5.2,9.9,.523,.559,2.8,3.2,.869,0.8,3.3,4.0,4.8,1.3,0.3,2.3,2.0,21.2
348,Mike Muscala\muscami01,C,29,OKC,35,0,18.4,3.4,7.6,.446,1.9,5.3,.370,1.5,2.4,.614,.573,0.9,1.0,.917,0.5,3.2,3.8,0.8,0.2,0.3,0.6,1.5,9.7
349,Sviatoslav Mykhailiuk\mykhasv01,SF-SG,23,TOT,52,13,19.4,2.8,6.9,.406,1.6,4.6,.336,1.3,2.3,.546,.518,0.7,0.9,.756,0.4,2.0,2.4,1.6,0.8,0.2,1.2,0.8,7.8
349,Sviatoslav Mykhailiuk\mykhasv01,SF,23,DET,36,5,17.6,2.3,6.2,.377,1.6,4.8,.333,0.8,1.4,.519,.504,0.7,0.8,.800,0.3,1.8,2.1,1.6,0.8,0.2,1.1,0.9,6.9
349,Sviatoslav Mykhailiuk\mykhasv01,SG,23,OKC,16,8,23.5,3.9,8.6,.453,1.5,4.4,.343,2.4,4.2,.567,.540,0.6,0.9,.667,0.6,2.6,3.1,1.6,0.9,0.2,1.5,0.7,9.9
350,Abdel Nader\naderab01,SF,27,PHO,24,0,14.8,2.4,4.8,.491,0.8,1.8,.419,1.6,3.0,.534,.569,1.2,1.5,.757,0.3,2.3,2.6,0.8,0.4,0.4,0.8,1.4,6.7
351,Larry Nance Jr.\nancela02,PF,28,CLE,31,27,32.0,3.8,7.9,.476,1.2,3.2,.370,2.6,4.7,.548,.551,0.9,1.5,.644,1.6,5.2,6.8,3.0,1.9,0.5,1.5,2.1,9.7
352,Aaron Nesmith\nesmiaa01,SF,21,BOS,31,0,13.0,1.1,3.1,.368,0.7,2.2,.324,0.4,0.9,.481,.484,0.4,0.5,.688,0.5,1.6,2.1,0.3,0.3,0.2,0.5,1.4,3.3
353,Raul Neto\netora01,PG,28,WAS,49,8,20.1,3.1,6.9,.452,0.9,2.5,.366,2.2,4.3,.502,.519,0.9,1.1,.833,0.4,1.8,2.2,2.1,1.1,0.1,0.8,1.6,8.0
354,Georges Niang\niangge01,PF,27,UTA,56,1,14.3,2.1,4.8,.433,1.5,3.6,.411,0.6,1.2,.500,.587,0.1,0.1,1.000,0.3,2.0,2.3,0.7,0.3,0.1,0.6,1.6,5.8
355,Zeke Nnaji\nnajize01,PF,20,DEN,36,1,9.8,1.2,2.5,.489,0.6,1.4,.392,0.7,1.1,.615,.600,0.3,0.4,.800,0.4,1.2,1.6,0.2,0.2,0.1,0.2,0.7,3.3
356,Nerlens Noel\noelne01,C,26,NYK,50,27,23.3,2.1,3.5,.602,0.0,0.0,.000,2.1,3.5,.609,.602,0.7,1.1,.685,2.3,4.0,6.3,0.7,1.0,2.1,1.2,2.7,5.0
357,Jaylen Nowell\nowelja01,SG,21,MIN,38,0,18.8,3.6,8.4,.428,1.2,3.7,.338,2.3,4.7,.497,.502,1.1,1.3,.824,0.5,1.9,2.3,1.6,0.6,0.3,0.7,1.8,9.5
358,Frank Ntilikina\ntilila01,PG,22,NYK,22,4,11.7,1.1,3.0,.369,0.8,1.7,.474,0.3,1.2,.222,.508,0.4,0.7,.500,0.2,0.9,1.1,0.6,0.7,0.0,0.5,1.6,3.4
359,Kendrick Nunn\nunnke01,PG,25,MIA,42,30,28.4,5.2,11.2,.461,2.0,5.4,.361,3.2,5.8,.553,.548,1.0,1.1,.913,0.4,2.7,3.1,2.7,1.0,0.3,1.5,1.9,13.3
360,James Nunnally\nunnaja01,SF,30,NOP,1,0,9.0,0.0,3.0,.000,0.0,3.0,.000,0.0,0.0,,.000,0.0,0.0,,0.0,2.0,2.0,0.0,0.0,0.0,0.0,0.0,0.0
361,Jusuf Nurkić\nurkiju01,C,26,POR,21,21,22.4,3.7,7.6,.488,0.3,1.0,.333,3.4,6.6,.511,.509,1.4,2.5,.577,1.9,5.6,7.5,3.2,1.0,0.9,2.1,3.0,9.2
362,David Nwaba\nwabada01,SF,28,HOU,30,9,22.6,3.5,7.3,.486,0.6,2.1,.270,3.0,5.2,.574,.525,1.6,2.3,.691,1.3,2.6,3.9,1.0,1.0,0.7,0.6,2.0,9.2
363,Jordan Nwora\nworajo01,SF,22,MIL,22,2,9.8,2.0,4.6,.431,1.0,2.2,.438,1.0,2.5,.426,.534,0.7,0.9,.789,0.2,1.7,1.9,0.3,0.6,0.2,0.8,0.7,5.6
364,Royce O'Neale\onealro01,SF,27,UTA,55,55,31.9,2.3,5.4,.431,1.5,3.9,.376,0.9,1.5,.571,.566,0.7,0.8,.857,1.2,5.7,6.9,2.5,0.8,0.5,1.1,2.8,6.8
365,Semi Ojeleye\ojelese01,PF,26,BOS,46,9,17.7,1.6,4.0,.400,1.1,2.9,.388,0.5,1.1,.431,.541,0.5,0.7,.750,0.6,2.1,2.7,0.7,0.2,0.0,0.4,1.1,4.9
366,Jahlil Okafor\okafoja01,C,25,DET,16,0,10.4,2.0,3.4,.593,0.1,0.4,.333,1.9,3.0,.625,.611,0.4,0.5,.875,0.8,1.3,2.1,0.6,0.2,0.2,0.4,1.1,4.6
367,Chuma Okeke\okekech01,PF,22,ORL,39,13,24.4,2.7,6.4,.426,1.0,2.8,.355,1.7,3.6,.482,.504,0.7,0.9,.743,0.9,3.1,4.0,2.2,0.8,0.5,0.8,1.1,7.1
368,Josh Okogie\okogijo01,SG,22,MIN,44,28,20.8,1.7,4.4,.387,0.5,1.9,.280,1.2,2.5,.464,.446,1.5,1.8,.821,0.9,1.7,2.5,1.1,1.0,0.5,0.8,2.2,5.4
369,Onyeka Okongwu\okongon01,C,20,ATL,34,2,10.8,1.7,2.6,.633,0.0,0.0,.000,1.7,2.6,.640,.633,0.7,1.2,.585,1.0,2.0,3.0,0.2,0.4,0.6,0.4,1.9,4.1
370,Isaac Okoro\okorois01,SG,20,CLE,50,50,31.9,3.0,7.2,.425,0.9,2.8,.307,2.2,4.4,.500,.485,1.3,1.8,.714,0.9,1.9,2.8,1.8,1.1,0.4,1.4,2.7,8.2
371,KZ Okpala\okpalkz01,PF,21,MIA,27,9,12.3,1.0,2.4,.409,0.4,1.4,.297,0.6,1.1,.552,.492,0.1,0.2,.333,0.6,1.3,1.9,0.4,0.2,0.3,0.4,1.7,2.5
372,Victor Oladipo\oladivi01,SG,28,TOT,33,33,32.7,7.1,17.5,.408,2.4,7.2,.326,4.8,10.2,.466,.476,3.2,4.2,.754,0.4,4.5,4.8,4.6,1.4,0.4,2.5,2.5,19.8
372,Victor Oladipo\oladivi01,SG,28,IND,9,9,33.3,7.1,16.9,.421,2.8,7.7,.362,4.3,9.2,.470,.503,3.0,4.1,.730,0.1,5.6,5.7,4.2,1.7,0.2,2.0,2.6,20.0
372,Victor Oladipo\oladivi01,SG,28,HOU,20,20,33.5,7.8,19.1,.407,2.5,7.7,.320,5.3,11.4,.465,.471,3.3,4.2,.783,0.4,4.4,4.8,5.0,1.2,0.5,2.6,2.3,21.2
372,Victor Oladipo\oladivi01,SG,28,MIA,4,4,27.8,4.0,10.8,.372,1.0,4.3,.235,3.0,6.5,.462,.419,3.0,4.5,.667,0.8,2.8,3.5,3.5,1.8,0.5,3.5,3.3,12.0
373,Kelly Olynyk\olynyke01,C-PF,29,TOT,55,47,27.6,4.4,9.3,.477,1.9,5.5,.337,2.6,3.8,.679,.576,1.1,1.3,.808,1.1,5.3,6.5,2.2,0.9,0.6,1.4,2.9,11.8
373,Kelly Olynyk\olynyke01,C,29,MIA,43,38,26.9,3.8,8.7,.431,1.8,5.7,.317,2.0,3.1,.639,.533,0.7,0.9,.775,1.0,5.0,6.1,2.1,0.9,0.6,1.3,2.9,10.0
373,Kelly Olynyk\olynyke01,PF,29,HOU,12,9,30.2,6.8,11.3,.603,2.1,5.0,.417,4.8,6.3,.750,.695,2.3,2.8,.848,1.5,6.4,7.9,2.7,1.0,0.8,1.8,2.8,18.1
374,Miye Oni\onimi01,SG,23,UTA,40,0,8.9,0.7,2.0,.354,0.6,1.8,.343,0.1,0.2,.444,.506,0.1,0.2,.833,0.5,1.2,1.7,0.4,0.2,0.2,0.3,1.1,2.1
375,Cedi Osman\osmande01,SF,25,CLE,49,17,24.1,3.4,9.5,.360,1.6,5.3,.300,1.8,4.2,.436,.444,1.1,1.5,.743,0.6,2.7,3.3,2.6,0.9,0.2,1.1,1.8,9.5
376,Daniel Oturu\oturuda01,C,21,LAC,21,0,3.9,0.6,1.1,.500,0.0,0.0,.000,0.6,1.1,.522,.500,0.1,0.2,.500,0.4,0.6,1.0,0.3,0.0,0.1,0.2,0.6,1.2
377,Kelly Oubre Jr.\oubreke01,SF,25,GSW,50,50,30.8,5.8,13.2,.439,1.6,5.2,.317,4.1,8.0,.519,.502,2.1,3.0,.698,1.4,4.6,6.0,1.4,1.1,0.8,1.2,2.3,15.3
378,Jabari Parker\parkeja01,PF,25,SAC,3,0,9.0,1.3,2.3,.571,0.0,0.3,.000,1.3,2.0,.667,.571,0.0,0.0,,0.3,1.7,2.0,0.3,0.0,0.3,1.0,1.3,2.7
379,Eric Paschall\pascher01,PF,24,GSW,39,2,17.3,3.7,7.5,.491,0.4,1.4,.321,3.3,6.2,.529,.520,1.6,2.3,.719,0.7,2.5,3.2,1.3,0.3,0.2,1.1,1.7,9.5
380,Anžejs Pasečņiks\pasecan01,C,25,WAS,1,0,6.0,0.0,1.0,.000,0.0,1.0,.000,0.0,0.0,,.000,0.0,0.0,,1.0,0.0,1.0,1.0,0.0,0.0,5.0,2.0,0.0
381,Patrick Patterson\pattepa01,PF,31,LAC,29,3,14.0,1.8,4.0,.457,1.1,2.8,.383,0.8,1.2,.629,.591,0.4,0.6,.750,0.4,1.4,1.8,0.7,0.4,0.3,0.4,1.4,5.1
382,Justin Patton\pattoju01,C,23,HOU,13,6,19.0,2.2,5.4,.414,0.7,2.6,.265,1.5,2.8,.556,.479,0.2,0.3,.750,1.1,2.7,3.8,1.1,0.9,1.1,0.3,2.6,5.4
383,Chris Paul\paulch01,PG,35,PHO,54,54,31.6,6.0,12.3,.486,1.3,3.6,.364,4.7,8.7,.537,.540,2.5,2.7,.931,0.4,4.2,4.6,8.8,1.5,0.2,2.2,2.4,15.8
384,Cameron Payne\payneca01,PG,26,PHO,44,0,17.3,2.7,5.8,.472,1.0,2.5,.407,1.7,3.3,.521,.559,0.8,0.8,.892,0.2,2.0,2.3,3.8,0.6,0.2,1.0,1.7,7.2
385,Elfrid Payton\paytoel01,PG,26,NYK,48,48,25.9,4.9,11.0,.447,0.5,1.8,.282,4.4,9.3,.479,.470,1.4,2.1,.697,1.3,2.5,3.8,3.5,0.7,0.2,1.7,1.9,11.8
386,Gary Payton II\paytoga02,PG,28,GSW,4,0,2.8,0.8,1.3,.600,0.3,0.5,.500,0.5,0.8,.667,.700,0.8,1.0,.750,0.5,0.8,1.3,0.0,1.0,0.3,0.3,0.8,2.5
387,Norvel Pelle\pelleno01,C,27,TOT,7,0,6.9,0.7,1.6,.455,0.0,0.0,,0.7,1.6,.455,.455,0.6,0.9,.667,0.7,1.3,2.0,0.1,0.1,0.9,0.4,1.4,2.0
387,Norvel Pelle\pelleno01,C,27,BRK,3,0,9.3,1.0,2.3,.429,0.0,0.0,,1.0,2.3,.429,.429,0.0,0.0,,1.0,1.3,2.3,0.0,0.0,1.0,1.0,3.0,2.0
387,Norvel Pelle\pelleno01,C,27,SAC,1,0,4.0,0.0,1.0,.000,0.0,0.0,,0.0,1.0,.000,.000,3.0,4.0,.750,1.0,0.0,1.0,1.0,0.0,0.0,0.0,1.0,3.0
387,Norvel Pelle\pelleno01,C,27,NYK,3,0,5.3,0.7,1.0,.667,0.0,0.0,,0.7,1.0,.667,.667,0.3,0.7,.500,0.3,1.7,2.0,0.0,0.3,1.0,0.0,0.0,1.7
388,Reggie Perry\perryre01,PF,20,BRK,21,0,9.5,1.5,3.5,.419,0.2,1.0,.200,1.3,2.6,.500,.446,0.5,0.6,.769,1.1,2.0,3.1,0.7,0.3,0.3,0.7,1.7,3.6
389,Theo Pinson\pinsoth01,SG,25,NYK,14,0,2.2,0.1,0.6,.111,0.0,0.6,.000,0.1,0.1,1.000,.111,0.0,0.0,,0.0,0.1,0.1,0.1,0.0,0.0,0.1,0.3,0.1
390,Mason Plumlee\plumlma01,C,30,DET,51,51,27.0,4.1,6.8,.605,0.0,0.1,.000,4.1,6.7,.617,.605,2.1,3.1,.669,2.6,6.4,9.1,3.5,0.8,0.9,1.9,3.4,10.3
391,Jakob Poeltl\poeltja01,C,25,SAS,54,36,26.1,3.7,6.0,.623,0.0,0.0,,3.7,6.0,.623,.623,0.7,1.7,.419,3.4,4.6,8.0,1.8,0.6,1.6,1.3,2.3,8.2
392,Vincent Poirier\poirivi01,C,27,PHI,10,0,3.9,0.3,1.2,.250,0.0,0.1,.000,0.3,1.1,.273,.250,0.2,0.6,.333,0.6,0.8,1.4,0.2,0.0,0.3,0.4,0.8,0.8
393,Aleksej Pokusevski\pokusal01,PF,19,OKC,33,16,23.5,2.8,8.5,.333,1.3,4.5,.289,1.5,3.9,.385,.410,0.7,0.8,.846,0.7,4.1,4.8,1.9,0.4,1.0,1.9,1.2,7.6
394,Jordan Poole\poolejo01,SG,21,GSW,35,6,17.9,3.7,8.6,.437,1.7,4.9,.347,2.1,3.7,.554,.535,1.6,1.8,.905,0.1,1.3,1.4,2.0,0.5,0.1,1.0,1.6,10.8
395,Jontay Porter\portejo01,PF,21,MEM,5,0,3.8,0.4,1.4,.286,0.2,1.0,.200,0.2,0.4,.500,.357,0.0,0.0,,0.4,1.4,1.8,0.2,0.4,0.0,1.0,1.2,1.0
396,Kevin Porter Jr.\porteke02,SG,20,HOU,19,16,31.6,5.6,13.5,.414,1.5,5.6,.262,4.1,7.8,.523,.469,2.4,3.3,.726,0.6,3.3,3.9,6.4,0.8,0.4,3.6,2.2,15.0
397,Michael Porter Jr.\portemi01,SF,22,DEN,46,39,30.6,6.8,12.6,.538,2.4,5.7,.427,4.3,6.9,.629,.634,1.7,2.2,.768,1.8,6.0,7.7,1.0,0.6,0.9,1.1,2.0,17.6
398,Otto Porter\porteot01,SF-PF,27,TOT,28,6,21.6,3.5,8.1,.432,1.4,3.7,.375,2.1,4.4,.480,.518,1.3,1.5,.857,1.0,4.4,5.4,2.0,0.6,0.1,0.9,1.5,9.7
398,Otto Porter\porteot01,SF,27,CHI,25,6,21.6,3.6,8.1,.441,1.5,3.8,.400,2.0,4.3,.477,.535,1.2,1.5,.838,1.1,4.4,5.5,2.0,0.5,0.2,1.0,1.5,9.9
398,Otto Porter\porteot01,PF,27,ORL,3,0,22.0,3.0,8.3,.360,0.3,3.0,.111,2.7,5.3,.500,.380,1.7,1.7,1.000,0.0,4.7,4.7,1.7,1.3,0.0,0.0,1.3,8.0
399,Bobby Portis\portibo01,C,25,MIL,51,6,21.5,4.8,9.1,.524,1.1,2.4,.472,3.6,6.7,.542,.586,0.7,0.9,.750,1.8,5.4,7.3,1.2,0.8,0.4,0.8,1.7,11.4
400,Kristaps Porziņģis\porzikr01,C,25,DAL,36,36,31.3,7.9,16.4,.479,2.3,6.3,.366,5.6,10.1,.549,.549,2.8,3.3,.847,2.0,7.4,9.4,1.6,0.4,1.6,1.4,2.7,20.8
401,Dwight Powell\poweldw01,C,29,DAL,41,8,14.5,1.6,3.0,.533,0.1,0.5,.250,1.5,2.5,.588,.553,1.5,1.9,.779,1.2,2.2,3.4,0.8,0.6,0.3,0.6,2.2,4.8
402,Norman Powell\powelno01,SG-SF,27,TOT,53,42,31.0,6.5,13.3,.489,2.7,6.2,.429,3.8,7.1,.541,.589,3.4,4.0,.858,0.6,2.5,3.1,1.8,1.2,0.3,1.8,2.3,19.1
402,Norman Powell\powelno01,SG,27,TOR,42,31,30.4,6.7,13.5,.498,2.8,6.4,.439,3.9,7.1,.552,.602,3.4,3.9,.865,0.5,2.5,3.0,1.8,1.1,0.2,1.8,2.3,19.6
402,Norman Powell\powelno01,SF,27,POR,11,11,33.3,5.7,12.7,.450,2.1,5.5,.383,3.6,7.3,.500,.532,3.6,4.4,.833,1.0,2.4,3.4,1.6,1.5,0.5,1.7,2.3,17.2
403,Taurean Prince\princta02,PF,26,TOT,38,10,22.1,3.2,8.1,.401,1.5,3.8,.406,1.7,4.3,.396,.495,1.6,1.9,.849,0.5,3.1,3.6,1.9,0.7,0.6,1.2,1.8,9.6
403,Taurean Prince\princta02,PF,26,BRK,12,4,18.2,2.5,6.2,.405,1.1,3.1,.351,1.4,3.1,.459,.493,2.0,2.3,.889,0.2,2.7,2.8,0.6,0.7,0.7,0.9,1.8,8.1
403,Taurean Prince\princta02,PF,26,CLE,26,6,24.0,3.6,9.0,.399,1.7,4.1,.425,1.8,4.9,.378,.496,1.5,1.8,.826,0.6,3.3,3.9,2.5,0.7,0.6,1.3,1.8,10.3
404,Payton Pritchard\pritcpa01,SG,23,BOS,50,1,18.7,2.6,5.8,.443,1.3,3.2,.404,1.3,2.6,.492,.555,0.5,0.5,.885,0.5,1.7,2.2,1.9,0.5,0.1,0.9,1.7,6.9
405,Immanuel Quickley\quickim01,PG,21,NYK,52,3,19.3,3.6,9.4,.385,1.8,4.8,.376,1.8,4.6,.394,.481,2.5,2.8,.897,0.4,1.8,2.3,2.1,0.5,0.2,0.9,1.8,11.6
406,Jahmi'us Ramsey\ramseja01,SG,19,SAC,5,0,3.4,0.6,1.0,.600,0.2,0.6,.333,0.4,0.4,1.000,.700,0.0,0.0,,0.0,0.8,0.8,0.2,0.0,0.2,0.2,0.0,1.4
407,Chasson Randle\randlch01,PG,27,ORL,25,5,19.8,1.8,4.7,.373,1.0,2.8,.357,0.8,1.9,.396,.479,0.6,0.8,.800,0.1,1.7,1.8,1.9,0.5,0.1,1.1,1.7,5.2
408,Julius Randle\randlju01,PF,26,NYK,56,56,37.2,8.4,18.1,.463,2.1,5.1,.410,6.3,13.0,.484,.521,4.7,5.9,.799,1.3,9.3,10.6,6.0,0.9,0.3,3.5,3.2,23.6
409,Cam Reddish\reddica01,SF,21,ATL,26,21,28.8,3.7,10.1,.365,1.3,4.8,.262,2.4,5.3,.460,.428,2.6,3.2,.817,0.8,3.2,4.0,1.3,1.3,0.3,1.3,2.6,11.2
410,J.J. Redick\redicjj01,SG,36,TOT,34,0,18.3,2.8,6.8,.407,1.7,4.4,.377,1.1,2.4,.463,.530,1.4,1.5,.940,0.1,1.6,1.7,1.3,0.3,0.1,0.9,1.1,8.6
410,J.J. Redick\redicjj01,SG,36,NOP,31,0,18.6,2.8,6.9,.407,1.6,4.5,.364,1.2,2.4,.486,.526,1.5,1.5,.957,0.1,1.6,1.7,1.3,0.3,0.1,0.8,1.2,8.7
410,J.J. Redick\redicjj01,SG,36,DAL,3,0,15.3,2.3,5.7,.412,2.0,3.7,.545,0.3,2.0,.167,.588,0.7,1.0,.667,0.3,1.7,2.0,1.0,0.3,0.0,1.7,0.7,7.3
411,Paul Reed\reedpa01,PF,21,PHI,17,0,6.6,1.2,2.6,.477,0.0,0.4,.000,1.2,2.2,.553,.477,0.1,0.2,.250,0.8,1.0,1.8,0.4,0.3,0.4,0.5,0.9,2.5
412,Naz Reid\reidna01,C,21,MIN,55,15,19.3,4.2,8.1,.513,0.8,2.4,.338,3.3,5.7,.588,.564,1.8,2.5,.732,1.1,3.4,4.6,1.1,0.5,1.1,1.0,2.5,11.0
413,Cameron Reynolds\reynoca01,SF,25,SAS,3,0,2.0,0.3,0.7,.500,0.0,0.0,,0.3,0.7,.500,.500,0.0,0.0,,0.0,0.0,0.0,0.0,0.0,0.0,0.0,0.0,0.7
414,Nick Richards\richani01,PF,23,CHO,15,0,3.7,0.3,0.5,.571,0.0,0.0,,0.3,0.5,.571,.571,0.5,0.7,.636,0.1,0.5,0.6,0.1,0.0,0.0,0.2,0.4,1.0
415,Josh Richardson\richajo01,SG,27,DAL,45,45,32.0,4.5,10.5,.430,1.5,4.8,.318,3.0,5.7,.525,.503,1.8,2.0,.910,0.9,2.7,3.6,2.8,0.9,0.4,1.4,2.5,12.4
416,Grant Riller\rillegr01,PG,23,CHO,3,0,3.3,0.3,1.0,.333,0.3,0.7,.500,0.0,0.3,.000,.500,0.0,0.0,,0.0,0.0,0.0,0.7,0.0,0.0,0.0,0.0,1.0
417,Austin Rivers\riverau01,SG,28,NYK,21,2,21.0,2.8,6.4,.430,1.3,3.7,.364,1.4,2.8,.517,.533,0.5,0.7,.714,0.2,2.0,2.2,2.0,0.6,0.0,1.0,1.5,7.3
418,Andre Roberson\roberan03,SG,29,BRK,5,0,12.6,0.4,2.8,.143,0.2,1.6,.125,0.2,1.2,.167,.179,0.2,0.4,.500,1.4,1.6,3.0,0.8,0.6,0.2,0.4,0.8,1.2
419,Duncan Robinson\robindu01,SF,26,MIA,56,56,32.1,4.3,9.9,.438,3.5,8.5,.408,0.9,1.4,.623,.614,0.9,1.1,.847,0.1,3.5,3.6,1.8,0.5,0.3,1.2,2.6,13.0
420,Glenn Robinson III\robingl02,SF,27,SAC,23,2,16.0,1.8,4.3,.424,0.7,1.9,.364,1.1,2.4,.473,.505,0.9,1.0,.913,0.5,1.5,2.0,0.9,0.2,0.1,0.5,1.0,5.3
421,Jerome Robinson\robinje01,SG,23,WAS,17,6,17.9,1.6,5.6,.295,0.6,2.5,.262,1.0,3.1,.321,.353,0.9,1.2,.800,0.2,2.0,2.2,1.5,0.7,0.4,1.1,1.8,4.9
422,Justin Robinson\robinju01,PG,23,OKC,6,0,12.0,1.2,3.0,.389,0.7,2.2,.308,0.5,0.8,.600,.500,0.5,0.8,.600,0.2,0.8,1.0,1.3,0.3,0.0,0.2,1.2,3.5
423,Mitchell Robinson\robinmi01,C,22,NYK,31,29,27.5,3.7,5.7,.653,0.0,0.0,,3.7,5.7,.653,.653,0.8,1.7,.491,3.6,4.5,8.1,0.5,1.1,1.5,0.8,2.8,8.3
424,Isaiah Roby\robyis01,PF,22,OKC,46,26,23.5,3.4,6.9,.497,0.5,1.7,.329,2.9,5.2,.550,.536,1.4,2.0,.710,1.6,4.1,5.7,1.8,0.8,0.7,1.8,2.7,8.8
425,Rajon Rondo\rondora01,PG,34,TOT,34,2,15.6,1.8,4.4,.419,0.7,1.8,.393,1.1,2.6,.437,.500,0.2,0.2,.875,0.3,1.8,2.1,3.9,0.7,0.1,1.6,1.2,4.6
425,Rajon Rondo\rondora01,PG,34,ATL,27,2,14.9,1.6,4.1,.400,0.6,1.7,.378,1.0,2.4,.415,.477,0.0,0.1,.500,0.1,1.9,2.0,3.5,0.7,0.1,1.4,0.9,3.9
425,Rajon Rondo\rondora01,PG,34,LAC,7,0,18.6,2.6,5.4,.474,1.0,2.3,.438,1.6,3.1,.500,.566,0.9,0.9,1.000,0.7,1.6,2.3,5.1,0.9,0.1,2.0,2.1,7.0
426,Derrick Rose\rosede01,PG,32,TOT,36,3,24.0,5.0,11.8,.427,0.9,2.6,.348,4.1,9.2,.449,.465,2.2,2.6,.849,0.4,1.8,2.2,4.0,1.1,0.4,1.6,1.0,13.1
426,Derrick Rose\rosede01,PG,32,DET,15,0,22.8,5.3,12.3,.429,0.9,2.6,.333,4.4,9.7,.455,.465,2.8,3.3,.840,0.4,1.5,1.9,4.2,1.2,0.3,1.9,1.1,14.2
426,Derrick Rose\rosede01,PG,32,NYK,21,3,24.9,4.9,11.4,.425,0.9,2.5,.358,4.0,8.9,.444,.465,1.8,2.0,.860,0.4,2.0,2.4,3.8,1.0,0.6,1.3,1.0,12.4
427,Terrence Ross\rosste01,SG,29,ORL,46,2,29.3,5.5,13.4,.412,1.9,5.7,.337,3.6,7.7,.469,.485,2.6,3.0,.870,0.3,3.1,3.4,2.3,1.0,0.5,1.6,1.9,15.6
428,Terry Rozier\roziete01,SG,26,CHO,52,52,33.9,7.4,15.8,.465,3.3,8.2,.400,4.1,7.6,.535,.569,2.4,2.9,.828,0.6,3.6,4.2,3.7,1.3,0.4,1.9,1.8,20.4
429,Ricky Rubio\rubiori01,PG,30,MIN,53,38,26.2,2.7,7.2,.380,0.9,2.9,.301,1.9,4.3,.432,.440,2.1,2.5,.862,0.4,2.8,3.2,6.6,1.4,0.1,1.8,2.2,8.5
430,D'Angelo Russell\russeda01,PG,24,MIN,27,19,27.9,6.8,15.7,.431,2.9,7.1,.404,3.9,8.6,.453,.522,2.9,3.6,.802,0.4,2.1,2.5,4.9,1.0,0.4,2.7,1.9,19.3
431,Domantas Sabonis\sabondo01,PF,24,IND,52,52,35.8,7.5,14.4,.519,0.8,2.6,.296,6.7,11.8,.567,.545,4.2,5.7,.731,2.6,9.0,11.6,6.0,1.1,0.6,3.3,3.4,19.9
432,Luka Šamanić\samanlu01,PF,21,SAS,22,2,9.3,1.5,3.1,.471,0.4,1.5,.273,1.0,1.6,.657,.537,0.5,1.0,.524,0.5,1.7,2.2,0.5,0.2,0.2,0.6,1.2,3.8
433,JaKarr Sampson\sampsja02,PF,27,IND,20,0,7.7,1.3,2.8,.473,0.1,0.4,.250,1.2,2.4,.511,.491,0.7,1.0,.700,0.7,1.4,2.1,0.1,0.1,0.4,0.4,1.1,3.4
434,Dario Šarić\saricda01,C,26,PHO,37,0,17.9,3.5,7.5,.464,1.1,2.9,.367,2.4,4.5,.527,.536,1.7,2.0,.863,1.1,3.1,4.2,1.3,0.6,0.1,1.2,1.9,9.7
435,Tomáš Satoranský\satorto01,SG,29,CHI,43,18,24.0,3.0,5.9,.510,0.8,2.1,.389,2.2,3.8,.577,.579,1.1,1.3,.907,0.5,2.0,2.5,5.1,0.8,0.3,1.7,1.6,8.0
436,Dennis Schröder\schrode01,SG,27,LAL,52,52,31.7,5.2,12.1,.431,1.1,3.3,.343,4.1,8.9,.463,.477,3.7,4.3,.844,0.5,3.0,3.4,5.4,1.2,0.2,2.8,2.6,15.2
437,Mike Scott\scottmi01,PF,32,PHI,37,9,17.5,1.5,4.2,.357,1.1,3.3,.333,0.4,0.9,.441,.487,0.2,0.3,.600,0.2,2.4,2.6,0.6,0.5,0.2,0.5,1.5,4.3
438,Collin Sexton\sextoco01,SG,22,CLE,46,46,35.8,8.8,18.4,.481,1.6,4.4,.363,7.3,14.0,.518,.524,5.0,6.1,.817,0.8,2.0,2.8,4.1,1.1,0.1,2.6,2.7,24.2
439,Landry Shamet\shamela01,SG,23,BRK,45,2,20.8,2.8,7.0,.406,2.0,5.2,.397,0.8,1.8,.434,.552,1.0,1.2,.852,0.2,1.6,1.8,1.3,0.5,0.1,0.8,1.3,8.8
440,Iman Shumpert\shumpim01,SG,30,BRK,2,0,5.5,0.5,2.0,.250,0.0,1.5,.000,0.5,0.5,1.000,.250,0.0,0.0,,0.5,0.0,0.5,0.0,0.5,0.0,0.5,0.0,1.0
441,Pascal Siakam\siakapa01,PF,26,TOR,46,46,35.6,7.5,16.5,.453,1.2,4.2,.282,6.3,12.3,.512,.489,4.7,5.5,.839,1.7,5.5,7.2,4.7,1.1,0.7,2.2,3.3,20.8
442,Chris Silva\silvach01,PF,24,TOT,13,0,6.7,0.8,1.2,.667,0.1,0.1,1.000,0.7,1.1,.643,.700,0.8,1.2,.733,0.5,1.5,2.0,0.5,0.1,0.4,0.8,1.6,2.5
442,Chris Silva\silvach01,PF,24,MIA,11,0,7.5,0.8,1.2,.692,0.1,0.1,1.000,0.7,1.1,.667,.731,1.0,1.4,.733,0.6,1.6,2.3,0.5,0.1,0.5,0.8,1.8,2.7
442,Chris Silva\silvach01,PF,24,SAC,2,0,2.0,0.5,1.0,.500,0.0,0.0,,0.5,1.0,.500,.500,0.0,0.0,,0.0,0.5,0.5,0.0,0.0,0.0,0.5,0.5,1.0
443,Ben Simmons\simmobe01,PG,24,PHI,48,48,33.3,5.7,10.4,.545,0.1,0.2,.300,5.6,10.2,.550,.548,3.4,5.5,.615,1.7,6.0,7.6,7.1,1.6,0.6,3.3,3.1,14.8
444,Anfernee Simons\simonan01,SG,21,POR,47,0,16.2,2.6,6.5,.407,1.9,4.6,.419,0.7,1.9,.378,.554,0.7,0.9,.825,0.2,2.1,2.2,1.4,0.2,0.1,0.7,1.6,7.9
445,Deividas Sirvydis\sirvyde01,SG,20,DET,13,0,2.8,0.3,1.2,.267,0.3,0.9,.333,0.0,0.2,.000,.400,0.2,0.3,.750,0.0,0.6,0.6,0.2,0.1,0.0,0.2,0.2,1.2
446,Alen Smailagić\smailal01,PF,20,GSW,7,1,5.1,0.9,1.9,.462,0.3,0.7,.400,0.6,1.1,.500,.538,0.1,0.6,.250,0.4,0.4,0.9,0.1,0.0,0.4,0.0,0.9,2.1
447,Marcus Smart\smartma01,PG,26,BOS,37,34,32.5,4.3,10.3,.414,2.0,5.6,.359,2.2,4.7,.480,.512,2.8,3.6,.789,0.6,2.6,3.2,5.6,1.5,0.5,1.8,2.5,13.4
448,Dennis Smith Jr.\smithde03,PG,23,TOT,23,9,18.3,2.5,6.3,.400,0.8,2.5,.328,1.7,3.8,.448,.466,0.8,1.1,.731,0.5,1.9,2.4,3.3,1.0,0.6,1.1,1.6,6.7
448,Dennis Smith Jr.\smithde03,PG,23,NYK,3,0,9.3,0.7,3.3,.200,0.0,1.3,.000,0.7,2.0,.333,.200,1.7,2.0,.833,0.0,0.7,0.7,1.0,1.0,0.0,0.3,1.3,3.0
448,Dennis Smith Jr.\smithde03,PG,23,DET,20,9,19.6,2.8,6.8,.415,1.0,2.7,.352,1.9,4.1,.457,.485,0.7,1.0,.700,0.6,2.1,2.7,3.7,1.0,0.7,1.3,1.7,7.3
449,Ish Smith\smithis01,PG,32,WAS,27,1,20.1,2.6,6.2,.423,0.3,1.0,.346,2.3,5.3,.437,.449,0.4,0.7,.526,0.4,2.9,3.3,4.2,0.7,0.2,1.0,1.1,6.0
450,Jalen Smith\smithja04,PF,20,PHO,19,0,4.3,0.5,1.4,.370,0.1,0.5,.200,0.4,0.9,.471,.407,0.1,0.2,.333,0.3,0.6,0.8,0.1,0.0,0.1,0.3,0.5,1.2
451,Tony Snell\snellto01,SG,29,ATL,40,18,21.0,1.9,3.7,.517,1.4,2.5,.571,0.5,1.2,.408,.707,0.3,0.3,1.000,0.4,2.0,2.4,1.3,0.2,0.3,0.5,1.6,5.5
452,Ray Spalding\spaldra01,C,23,HOU,2,0,9.5,1.0,2.0,.500,0.0,0.5,.000,1.0,1.5,.667,.500,0.0,1.0,.000,1.0,1.0,2.0,0.0,0.0,1.0,1.5,1.5,2.0
453,Cassius Stanley\stanlca01,SG,21,IND,15,0,2.5,0.3,1.3,.263,0.1,0.4,.167,0.3,0.9,.308,.289,0.3,0.3,.800,0.3,0.4,0.7,0.0,0.0,0.1,0.1,0.5,1.0
454,Lamar Stevens\stevela01,PF,23,CLE,38,0,12.8,1.6,3.6,.452,0.1,0.7,.160,1.5,2.9,.518,.467,1.0,1.3,.725,0.6,1.9,2.5,0.6,0.4,0.3,0.6,1.3,4.3
455,Isaiah Stewart\stewais01,C,19,DET,54,5,20.0,3.0,5.2,.577,0.2,0.5,.407,2.8,4.7,.595,.597,0.7,1.1,.650,2.3,3.9,6.2,0.9,0.5,1.0,0.9,2.5,6.9
456,Max Strus\strusma01,SF,24,MIA,29,0,12.5,2.1,4.4,.473,1.3,3.6,.365,0.8,0.9,.920,.620,0.4,0.6,.647,0.1,0.8,0.9,0.6,0.2,0.0,0.1,1.1,5.9
457,Edmond Sumner\sumneed01,SG,25,IND,42,14,14.3,2.4,4.6,.521,0.6,1.5,.375,1.8,3.0,.594,.583,1.1,1.4,.793,0.4,1.2,1.6,0.7,0.6,0.2,0.9,1.4,6.4
458,Jae'Sean Tate\tateja01,SF,25,HOU,56,44,28.9,4.4,8.4,.523,0.8,2.6,.308,3.6,5.8,.620,.571,1.4,2.0,.730,2.0,3.4,5.4,2.1,1.2,0.6,1.2,3.1,11.0
459,Jayson Tatum\tatumja01,SF,22,BOS,50,50,35.5,9.3,20.3,.458,2.9,7.5,.384,6.4,12.8,.501,.529,4.1,4.7,.873,0.7,6.4,7.1,4.2,1.2,0.4,2.5,1.8,25.6
460,Jeff Teague\teaguje01,PG,32,TOT,42,6,18.2,2.3,5.5,.426,0.7,1.6,.441,1.6,3.9,.420,.491,1.6,1.9,.852,0.3,1.4,1.6,2.4,0.6,0.2,1.1,1.2,7.0
460,Jeff Teague\teaguje01,PG,32,BOS,34,5,18.1,2.3,5.5,.415,0.8,1.6,.464,1.5,3.9,.394,.484,1.5,1.8,.836,0.3,1.4,1.7,2.1,0.8,0.2,1.1,1.3,6.9
460,Jeff Teague\teaguje01,PG,32,MIL,8,1,18.4,2.5,5.3,.476,0.5,1.5,.333,2.0,3.8,.533,.524,2.3,2.5,.900,0.1,1.3,1.4,3.5,0.1,0.4,0.8,1.0,7.8
461,Garrett Temple\templga01,SG,34,CHI,39,13,26.6,2.9,6.9,.424,1.2,3.6,.333,1.7,3.3,.523,.511,0.8,1.0,.816,0.5,2.4,2.9,2.0,0.9,0.5,1.0,2.3,7.8
462,Tyrell Terry\terryty01,PG,20,DAL,11,0,5.1,0.5,1.5,.313,0.0,0.6,.000,0.5,0.8,.556,.313,0.1,0.3,.333,0.0,0.5,0.5,0.5,0.5,0.0,0.2,0.2,1.0
463,Daniel Theis\theisda01,C,28,TOT,52,38,24.1,3.8,6.9,.553,0.7,2.3,.325,3.1,4.7,.663,.606,1.1,1.7,.652,1.3,3.9,5.2,1.7,0.6,0.9,1.0,2.6,9.5
463,Daniel Theis\theisda01,C,28,BOS,42,37,24.5,3.8,6.9,.552,0.8,2.3,.347,3.0,4.6,.653,.609,1.1,1.6,.687,1.3,4.0,5.2,1.6,0.6,1.0,1.0,2.9,9.5
463,Daniel Theis\theisda01,C,28,CHI,10,1,22.8,4.0,7.2,.556,0.5,2.2,.227,3.5,5.0,.700,.590,1.2,2.2,.545,1.2,3.6,4.8,2.0,0.5,0.6,1.1,1.5,9.7
464,Brodric Thomas\thomabr01,SG,24,TOT,18,1,8.9,0.8,2.7,.292,0.3,1.4,.192,0.5,1.2,.409,.344,1.0,1.3,.783,0.2,0.8,1.0,0.8,0.4,0.3,0.7,1.0,2.8
464,Brodric Thomas\thomabr01,SG,24,HOU,4,0,6.0,0.5,1.8,.286,0.3,1.5,.167,0.3,0.3,1.000,.357,1.3,1.8,.714,0.3,0.8,1.0,1.0,0.3,0.3,1.0,1.3,2.5
464,Brodric Thomas\thomabr01,SG,24,CLE,14,1,9.7,0.9,2.9,.293,0.3,1.4,.200,0.6,1.5,.381,.341,0.9,1.1,.813,0.1,0.9,1.0,0.7,0.4,0.3,0.6,0.9,2.9
465,Isaiah Thomas\thomais02,PG,31,NOP,3,0,16.0,3.0,9.0,.333,1.0,4.0,.250,2.0,5.0,.400,.389,0.7,0.7,1.000,0.3,1.0,1.3,1.7,0.3,0.0,2.0,1.0,7.7
466,Matt Thomas\thomama02,SG,26,TOT,32,0,7.7,1.0,2.8,.352,0.6,1.9,.328,0.3,0.8,.407,.466,0.2,0.2,.857,0.1,0.8,0.9,0.4,0.1,0.0,0.3,0.4,2.8
466,Matt Thomas\thomama02,SG,26,TOR,26,0,7.4,0.9,2.4,.387,0.7,1.6,.415,0.3,0.8,.333,.524,0.2,0.3,.857,0.1,0.7,0.8,0.3,0.1,0.0,0.2,0.4,2.7
466,Matt Thomas\thomama02,SG,26,UTA,6,0,9.2,1.2,4.3,.269,0.5,3.3,.150,0.7,1.0,.667,.327,0.0,0.0,,0.2,1.3,1.5,0.8,0.2,0.0,0.7,0.7,2.8
467,Tristan Thompson\thomptr01,PF,29,BOS,41,32,22.6,3.3,6.1,.536,0.0,0.1,.000,3.3,6.1,.542,.536,1.4,2.3,.604,3.0,5.1,8.2,1.1,0.4,0.5,1.0,2.1,8.0
468,Sindarius Thornwell\thornsi01,SG,26,NOP,14,1,5.2,0.5,1.5,.333,0.2,0.6,.333,0.3,0.9,.333,.405,0.0,0.1,.000,0.1,0.3,0.4,0.3,0.4,0.1,0.3,0.2,1.2
469,Matisse Thybulle\thybuma01,SG,23,PHI,53,6,19.4,1.5,3.5,.412,0.7,2.2,.307,0.8,1.4,.575,.505,0.2,0.3,.500,0.5,1.4,1.9,0.9,1.5,1.0,0.4,2.0,3.7
470,Killian Tillie\tilliki02,C,22,MEM,11,0,9.9,0.9,3.4,.270,0.5,2.1,.217,0.5,1.3,.357,.338,0.4,0.5,.800,0.5,0.8,1.4,0.4,0.5,0.5,0.1,1.2,2.6
471,Xavier Tillman Sr.\tillmxa01,PF,22,MEM,44,7,18.3,2.7,5.0,.536,0.3,1.1,.300,2.3,3.9,.606,.570,0.7,1.0,.690,1.2,2.9,4.1,1.3,0.8,0.6,0.7,2.1,6.4
472,Anthony Tolliver\tollian01,F-C,35,PHI,1,0,14.0,0.0,2.0,.000,0.0,2.0,.000,0.0,0.0,,.000,0.0,0.0,,0.0,2.0,2.0,1.0,0.0,1.0,1.0,1.0,0.0
473,Obi Toppin\toppiob01,PF,22,NYK,47,0,11.3,1.7,3.4,.481,0.4,1.4,.277,1.3,2.1,.619,.537,0.3,0.5,.727,0.4,1.8,2.2,0.5,0.3,0.2,0.4,1.0,4.0
474,Juan Toscano-Anderson\toscaju01,SG,27,GSW,39,15,17.9,2.0,3.4,.582,0.6,1.5,.439,1.4,2.0,.688,.675,0.4,0.6,.739,0.6,3.3,3.8,2.2,0.6,0.4,0.9,1.9,5.1
475,Axel Toupane\toupaax01,SF,28,MIL,8,1,7.6,0.5,1.4,.364,0.1,0.3,.500,0.4,1.1,.333,.409,0.6,0.9,.714,0.0,0.8,0.8,0.5,0.3,0.4,0.0,0.8,1.8
476,Karl-Anthony Towns\townska01,C,25,MIN,35,35,34.5,8.7,17.7,.495,2.5,6.1,.402,6.3,11.5,.545,.565,5.0,5.8,.871,2.7,8.3,11.0,4.6,0.7,1.4,3.2,3.6,25.0
477,Gary Trent Jr.\trentga02,SG,22,TOT,52,34,31.4,5.6,13.3,.421,2.9,7.4,.392,2.7,5.9,.458,.530,1.4,1.8,.780,0.4,2.1,2.5,1.5,0.9,0.2,0.8,1.6,15.5
477,Gary Trent Jr.\trentga02,SG,22,POR,41,23,30.8,5.3,12.8,.414,3.0,7.4,.397,2.3,5.3,.438,.530,1.4,1.8,.773,0.5,1.7,2.2,1.4,0.9,0.1,0.8,1.5,15.0
477,Gary Trent Jr.\trentga02,SG,22,TOR,11,11,33.6,6.7,15.2,.443,2.7,7.3,.375,4.0,7.9,.506,.533,1.2,1.5,.813,0.1,3.4,3.5,1.6,0.9,0.2,0.8,1.7,17.4
478,P.J. Tucker\tuckepj01,PF,35,TOT,37,32,27.8,1.4,3.8,.374,0.8,2.5,.323,0.6,1.2,.478,.482,0.5,0.6,.783,1.0,3.3,4.3,1.3,0.8,0.5,0.9,2.5,4.1
478,P.J. Tucker\tuckepj01,PF,35,HOU,32,32,30.0,1.5,4.1,.366,0.8,2.7,.314,0.7,1.4,.467,.469,0.6,0.7,.783,1.0,3.6,4.6,1.4,0.9,0.6,1.0,2.8,4.4
478,P.J. Tucker\tuckepj01,PF,35,MIL,5,0,14.0,0.8,1.6,.500,0.6,1.4,.429,0.2,0.2,1.000,.688,0.0,0.0,,0.8,1.6,2.4,0.6,0.2,0.4,0.0,0.6,2.2
479,Rayjon Tucker\tuckera01,PG,23,PHI,8,0,3.8,0.3,0.6,.400,0.1,0.3,.500,0.1,0.4,.333,.500,1.0,1.0,1.000,0.1,0.6,0.8,0.3,0.0,0.0,0.1,0.4,1.6
480,Myles Turner\turnemy01,C,24,IND,46,46,30.9,4.4,9.2,.482,1.5,4.4,.338,3.0,4.8,.613,.563,2.3,3.0,.787,1.3,5.1,6.4,1.0,0.9,3.5,1.4,3.5,12.7
481,Jonas Valančiūnas\valanjo01,C,28,MEM,49,48,28.1,7.0,12.2,.578,0.3,0.9,.348,6.7,11.2,.597,.591,2.6,3.4,.770,4.2,8.4,12.7,1.8,0.5,0.7,1.7,2.9,17.0
482,Denzel Valentine\valende01,SG,27,CHI,48,3,17.5,2.7,7.0,.382,1.4,4.1,.337,1.3,2.9,.446,.481,0.2,0.2,1.000,0.4,3.1,3.5,1.7,0.5,0.0,0.7,1.1,6.9
483,Jarred Vanderbilt\vandeja01,PF,21,MIN,49,25,17.4,2.1,3.6,.603,0.0,0.1,.250,2.1,3.5,.612,.606,1.0,1.8,.567,1.6,3.8,5.4,1.3,1.0,0.7,1.0,1.9,5.3
484,Fred VanVleet\vanvlfr01,SG,26,TOR,45,45,36.1,6.4,16.4,.391,3.3,8.9,.366,3.1,7.4,.422,.491,3.4,3.9,.885,0.6,3.5,4.2,6.1,1.7,0.8,2.0,2.4,19.5
485,Devin Vassell\vassede01,SF,20,SAS,44,1,16.5,1.8,4.4,.397,0.9,2.2,.392,0.9,2.2,.402,.495,0.7,0.8,.879,0.4,2.3,2.8,0.9,0.8,0.3,0.4,1.4,5.0
486,Gabe Vincent\vincega01,PG,24,MIA,39,6,13.7,1.9,5.0,.376,0.9,3.2,.288,0.9,1.8,.536,.469,0.5,0.6,.870,0.2,0.9,1.1,1.4,0.4,0.1,0.7,1.7,5.2
487,Noah Vonleh\vonleno01,PF,25,BRK,4,0,2.8,0.0,0.8,.000,0.0,0.5,.000,0.0,0.3,.000,.000,0.0,0.0,,0.0,0.3,0.3,0.3,0.0,0.0,0.5,0.5,0.0
488,Nikola Vučević\vucevni01,C,30,TOT,56,56,33.6,9.7,20.1,.484,2.6,6.3,.415,7.1,13.8,.515,.548,2.1,2.5,.833,2.0,9.4,11.4,3.7,1.0,0.7,1.7,1.9,24.1
488,Nikola Vučević\vucevni01,C,30,ORL,44,44,34.1,9.9,20.6,.480,2.7,6.5,.406,7.3,14.1,.515,.545,2.1,2.5,.827,2.0,9.8,11.8,3.8,1.0,0.6,1.9,1.8,24.5
488,Nikola Vučević\vucevni01,C,30,CHI,12,12,32.0,9.1,18.3,.498,2.4,5.3,.453,6.7,12.9,.516,.564,2.0,2.3,.857,2.3,7.9,10.2,3.5,1.0,1.0,1.2,2.4,22.6
489,Dean Wade\wadede01,PF,24,CLE,47,13,17.1,2.0,4.5,.437,1.1,3.1,.375,0.8,1.5,.565,.563,0.3,0.4,.762,0.5,2.6,3.1,1.1,0.4,0.4,0.4,1.1,5.4
490,Moritz Wagner\wagnemo01,C,23,TOT,34,14,12.8,1.9,4.0,.485,0.4,1.4,.313,1.5,2.6,.580,.540,1.2,1.6,.778,0.5,2.2,2.7,1.1,0.6,0.3,0.9,2.1,5.6
490,Moritz Wagner\wagnemo01,C,23,WAS,25,13,15.0,2.5,4.9,.508,0.5,1.7,.310,2.0,3.2,.613,.561,1.6,2.1,.788,0.5,2.4,2.9,1.3,0.9,0.3,0.8,2.5,7.1
490,Moritz Wagner\wagnemo01,C,23,BOS,9,1,6.8,0.4,1.6,.286,0.2,0.7,.333,0.2,0.9,.250,.357,0.1,0.2,.500,0.3,1.8,2.1,0.7,0.0,0.1,1.0,1.1,1.2
491,Kemba Walker\walkeke02,PG,30,BOS,36,36,31.2,6.0,15.1,.400,2.7,7.9,.344,3.3,7.2,.461,.490,2.8,2.9,.943,0.3,3.5,3.8,5.1,1.1,0.3,2.1,1.4,17.6
492,Lonnie Walker\walkelo01,SG,22,SAS,42,30,25.3,4.3,10.1,.426,1.7,4.7,.357,2.6,5.4,.485,.508,1.0,1.3,.800,0.2,2.4,2.6,1.6,0.5,0.3,1.0,1.9,11.3
493,John Wall\walljo01,PG,30,HOU,37,37,32.1,7.4,18.1,.405,2.1,6.3,.328,5.3,11.9,.446,.462,3.8,5.2,.734,0.5,2.8,3.2,6.8,1.1,0.8,3.5,1.2,20.6
494,Brad Wanamaker\wanambr01,PG,31,TOT,49,0,16.8,1.8,4.9,.368,0.3,1.6,.203,1.5,3.3,.450,.402,1.4,1.6,.872,0.2,1.4,1.7,2.8,0.7,0.2,1.1,1.5,5.3
494,Brad Wanamaker\wanambr01,PG,31,GSW,39,0,16.0,1.6,4.4,.353,0.3,1.6,.213,1.2,2.9,.429,.390,1.3,1.4,.893,0.2,1.5,1.7,2.5,0.7,0.2,0.9,1.4,4.7
494,Brad Wanamaker\wanambr01,PG,31,CHO,10,0,19.8,2.7,6.6,.409,0.3,1.8,.167,2.4,4.8,.500,.432,1.8,2.2,.818,0.4,1.3,1.7,3.8,0.8,0.2,1.9,1.9,7.5
495,T.J. Warren\warretj01,SF,27,IND,4,4,29.3,6.8,12.8,.529,0.0,1.8,.000,6.8,11.0,.614,.529,2.0,2.5,.800,0.5,3.0,3.5,1.3,0.5,0.0,1.0,4.0,15.5
496,P.J. Washington\washipj01,PF,22,CHO,48,48,29.4,4.1,9.7,.426,1.4,3.8,.370,2.8,6.0,.462,.498,1.9,2.4,.791,1.4,5.0,6.4,2.7,1.0,1.3,2.1,2.7,11.6
497,Yuta Watanabe\watanyu01,SF,26,TOR,38,1,12.9,1.4,3.1,.445,0.6,1.5,.397,0.8,1.6,.492,.542,0.4,0.5,.842,0.8,2.5,3.3,0.6,0.5,0.4,0.4,1.1,3.8
498,Tremont Waters\watertr01,PG,23,BOS,16,1,7.3,0.8,2.4,.316,0.4,1.1,.353,0.4,1.3,.286,.395,0.7,0.8,.917,0.2,0.4,0.6,2.2,0.6,0.0,0.9,0.4,2.6
499,Paul Watson\watsopa01,SF,26,TOR,26,1,10.5,1.5,2.8,.528,1.2,2.2,.517,0.3,0.5,.571,.736,0.2,0.3,.625,0.1,1.5,1.6,0.5,0.2,0.1,0.3,1.3,4.3
500,Quinndary Weatherspoon\weathqu01,SG,24,SAS,15,0,4.7,0.3,1.0,.333,0.0,0.1,.000,0.3,0.9,.385,.333,0.5,0.5,.875,0.1,0.3,0.4,0.3,0.3,0.1,0.5,0.7,1.1
501,Russell Westbrook\westbru01,PG,32,WAS,48,48,35.5,8.4,19.0,.442,1.3,4.2,.312,7.1,14.8,.479,.476,4.0,6.4,.627,1.6,9.3,10.9,10.8,1.3,0.4,5.0,2.7,22.1
502,Coby White\whiteco01,PG,20,CHI,52,37,30.6,5.3,12.8,.411,2.1,6.1,.343,3.2,6.7,.473,.493,1.8,2.0,.913,0.4,3.8,4.2,4.4,0.5,0.2,2.2,2.6,14.4
503,Derrick White\whitede01,SG,26,SAS,30,26,29.6,5.0,12.4,.404,2.2,6.6,.340,2.8,5.8,.477,.495,2.6,3.1,.849,0.3,2.4,2.7,3.3,0.7,1.1,1.4,2.7,14.9
504,Hassan Whiteside\whiteha01,C,31,SAC,33,1,14.8,3.4,6.1,.565,0.0,0.0,.000,3.4,6.0,.568,.565,1.2,2.3,.520,1.6,4.3,5.9,0.6,0.2,1.4,1.1,1.9,8.0
505,Greg Whittington\whittgr01,PF,27,DEN,4,0,3.0,0.0,0.8,.000,0.0,0.5,.000,0.0,0.3,.000,.000,0.0,0.0,,0.0,0.0,0.0,0.0,0.0,0.0,0.0,0.0,0.0
506,Andrew Wiggins\wiggian01,PF,25,GSW,56,56,32.6,6.9,14.4,.475,2.0,5.2,.387,4.8,9.2,.525,.545,2.4,3.4,.695,1.0,3.8,4.8,2.4,0.9,0.9,1.8,2.2,18.1
507,Grant Williams\willigr01,PF,22,BOS,48,8,18.6,1.6,3.7,.438,0.8,2.0,.383,0.9,1.7,.500,.540,0.4,0.8,.528,0.8,2.1,2.9,1.0,0.6,0.4,0.9,2.6,4.4
508,Kenrich Williams\willike04,PF,26,OKC,56,10,20.8,3.0,5.8,.525,0.7,1.6,.429,2.3,4.2,.562,.585,0.5,0.9,.563,1.3,2.9,4.2,2.2,0.7,0.2,1.0,2.1,7.3
509,Lou Williams\willilo02,PG,34,TOT,51,3,22.2,4.3,10.3,.422,1.1,2.8,.394,3.2,7.5,.432,.475,2.3,2.6,.865,0.3,1.7,2.0,3.5,0.9,0.1,1.6,1.0,12.0
509,Lou Williams\willilo02,PG,34,LAC,42,3,21.9,4.3,10.2,.421,1.1,2.8,.378,3.2,7.4,.437,.473,2.5,2.8,.866,0.4,1.7,2.1,3.4,0.9,0.1,1.6,1.0,12.1
509,Lou Williams\willilo02,PG,34,ATL,9,0,23.9,4.4,10.4,.426,1.2,2.6,.478,3.2,7.9,.408,.484,1.3,1.6,.857,0.2,1.3,1.6,3.6,0.6,0.1,1.6,0.8,11.4
510,Patrick Williams\willipa01,PF,19,CHI,54,54,28.5,3.6,7.6,.476,0.8,2.0,.382,2.9,5.6,.510,.527,1.3,1.6,.764,0.9,3.7,4.7,1.3,0.9,0.6,1.4,2.0,9.3
511,Robert Williams\williro04,C,23,BOS,47,10,18.9,3.7,5.1,.720,0.0,0.0,.000,3.7,5.0,.726,.720,0.9,1.4,.646,2.6,4.4,7.0,1.8,0.8,1.8,1.0,2.1,8.2
512,Zion Williamson\willizi01,PF,20,NOP,51,51,32.9,10.3,16.7,.615,0.2,0.5,.333,10.1,16.1,.625,.621,6.0,8.6,.699,2.5,4.6,7.1,3.6,0.9,0.7,2.6,2.3,26.7
513,D.J. Wilson\wilsodj01,PF,24,TOT,27,0,10.5,1.6,4.0,.404,0.8,2.3,.361,0.8,1.8,.458,.505,0.3,0.6,.600,0.4,2.2,2.6,0.4,0.2,0.4,0.6,1.3,4.4
513,D.J. Wilson\wilsodj01,PF,24,MIL,12,0,8.8,1.3,3.6,.372,0.8,2.3,.357,0.5,1.3,.400,.488,0.1,0.2,.500,0.3,1.8,2.1,0.3,0.1,0.3,0.3,1.1,3.6
513,D.J. Wilson\wilsodj01,PF,24,HOU,15,0,11.9,1.9,4.4,.424,0.8,2.2,.364,1.1,2.2,.485,.515,0.5,0.9,.615,0.5,2.5,3.1,0.5,0.3,0.5,0.7,1.4,5.1
514,Dylan Windler\windldy01,SF,24,CLE,31,0,16.5,1.8,4.2,.438,0.8,2.5,.338,1.0,1.7,.585,.538,0.7,0.9,.778,0.6,2.8,3.5,1.1,0.6,0.4,1.0,1.2,5.2
515,Justise Winslow\winslju01,SF,24,MEM,16,0,21.1,3.1,9.1,.342,0.3,2.6,.122,2.8,6.6,.429,.360,0.6,1.0,.563,0.8,4.0,4.8,1.8,0.8,0.4,1.6,2.0,7.1
516,Cassius Winston\winstca01,PG,22,WAS,15,0,5.7,0.7,1.7,.385,0.5,1.0,.467,0.2,0.7,.273,.519,0.3,0.4,.833,0.0,0.6,0.6,0.7,0.1,0.1,0.1,0.5,2.1
517,James Wiseman\wisemja01,C,19,GSW,39,27,21.4,4.9,9.4,.519,0.3,1.0,.316,4.6,8.5,.542,.535,1.4,2.2,.628,1.4,4.4,5.8,0.7,0.3,0.9,1.5,3.1,11.5
518,Christian Wood\woodch01,C,25,HOU,33,33,31.7,8.2,15.3,.532,1.8,4.6,.382,6.4,10.7,.596,.589,2.9,4.5,.647,1.8,7.6,9.4,1.5,0.8,1.2,1.8,2.1,21.0
519,Robert Woodard\woodaro01,SF,21,SAC,11,0,2.6,0.6,1.3,.500,0.1,0.4,.250,0.5,0.9,.600,.536,0.3,0.7,.375,0.3,0.7,1.0,0.0,0.0,0.2,0.1,0.2,1.6
520,Delon Wright\wrighde01,SG-PG,28,TOT,47,31,27.1,3.5,7.7,.457,0.9,2.4,.357,2.7,5.3,.502,.512,1.8,2.3,.804,1.0,3.1,4.1,4.3,1.5,0.4,1.2,1.1,9.7
520,Delon Wright\wrighde01,SG,28,DET,36,31,29.2,3.8,8.1,.464,0.9,2.5,.348,2.9,5.7,.515,.517,2.0,2.5,.789,1.0,3.5,4.6,5.0,1.6,0.5,1.3,1.3,10.4
520,Delon Wright\wrighde01,PG,28,SAC,11,0,20.3,2.6,6.2,.426,0.8,2.1,.391,1.8,4.1,.444,.493,1.4,1.5,.882,0.7,1.8,2.5,1.9,1.1,0.0,0.8,0.7,7.5
521,Thaddeus Young\youngth01,PF,32,CHI,51,17,24.6,5.6,9.6,.579,0.1,0.6,.241,5.5,9.1,.600,.586,1.0,1.5,.620,2.5,3.8,6.3,4.2,1.1,0.6,2.0,2.4,12.3
522,Trae Young\youngtr01,PG,22,ATL,51,51,34.3,7.7,17.8,.431,2.3,6.4,.358,5.4,11.4,.472,.495,7.6,8.7,.870,0.6,3.3,3.9,9.5,0.8,0.2,4.3,1.9,25.2
523,Cody Zeller\zelleco01,C,28,CHO,35,20,21.4,3.7,6.8,.540,0.1,0.7,.125,3.6,6.1,.586,.546,1.7,2.3,.734,2.7,4.5,7.2,2.0,0.7,0.4,1.0,2.4,9.1
524,Ivica Zubac\zubaciv01,C,23,LAC,58,19,22.2,3.5,5.4,.651,0.0,0.1,.000,3.5,5.3,.657,.651,1.9,2.3,.809,2.7,4.6,7.4,1.2,0.4,0.9,1.1,2.6,8.9